0|0.19934561|0.21375291
100|0.00325104|0.00433366
200|0.00260885|0.00376413
300|0.00157536|0.00268101
400|0.00142007|0.00234724
500|0.00145956|0.00228427
600|0.00149362|0.00224635
700|0.00151665|0.00221442
800|0.00153112|0.00218445
900|0.00153957|0.00215521
1000|0.00154425|0.00212634
1100|0.00154702|0.0020978
1200|0.00154919|0.00206956
1300|0.00155155|0.00204158
1400|0.00155448|0.00201378
1500|0.00155801|0.00198612
1600|0.00156202|0.00195861
1700|0.0015663|0.00193133
1800|0.00157069|0.00190447
1900|0.00157508|0.00187824
2000|0.00157947|0.00185291
2100|0.00158391|0.0018287
2200|0.0015885|0.00180578
2300|0.00159332|0.00178428
2400|0.00159846|0.00176422
2500|0.00160398|0.00174557
2600|0.00160989|0.00172824
2700|0.0016162|0.0017121
2800|0.00162287|0.001697
2900|0.00162986|0.00168277
3000|0.00163712|0.00166927
3100|0.0016446|0.00165633
3200|0.00165228|0.00164382
3300|0.00166011|0.00163157
3400|0.00166811|0.00161944
3500|0.00167628|0.00160728
3600|0.00168467|0.00159491
3700|0.00169336|0.00158216
3800|0.00170254|0.00156886
3900|0.00171248|0.00155481
4000|0.00172365|0.00153982
4100|0.00173668|0.00152371
4200|0.00175245|0.00150627
4300|0.00177208|0.0014873
4400|0.0017969|0.00146661
4500|0.00182848|0.00144404
4600|0.00186845|0.00141957
4700|0.00191824|0.00139344
4800|0.0019784|0.00136634
4900|0.00204771|0.00133962
5000|0.00212256|0.00131504
5100|0.00219765|0.00129411
5200|0.00226794|0.00127743
5300|0.00233019|0.00126456
5400|0.00238325|0.0012546
5500|0.0024274|0.00124666
5600|0.00246371|0.00124008
5700|0.00249354|0.00123441
5800|0.00251821|0.0012294
5900|0.00253885|0.0012249
6000|0.00255638|0.00122082
6100|0.0025715|0.00121708
6200|0.00258474|0.00121366
6300|0.00259649|0.00121051
6400|0.00260706|0.00120762
6500|0.00261666|0.00120497
6600|0.00262549|0.00120253
6700|0.00263368|0.00120029
6800|0.00264134|0.00119824
6900|0.00264855|0.00119636
7000|0.00265539|0.00119464
7100|0.0026619|0.00119306
7200|0.00266815|0.00119163
7300|0.00267417|0.00119032
7400|0.00267998|0.00118913
7500|0.00268561|0.00118805
7600|0.00269108|0.00118708
7700|0.00269641|0.0011862
7800|0.00270162|0.00118541
7900|0.0027067|0.00118471
8000|0.00271167|0.00118408
8100|0.00271654|0.00118352
8200|0.00272131|0.00118303
8300|0.00272598|0.0011826
8400|0.00273055|0.00118223
8500|0.00273504|0.00118191
8600|0.00273943|0.00118163
8700|0.00274373|0.0011814
8800|0.00274794|0.00118121
8900|0.00275206|0.00118106
9000|0.00275608|0.00118094
9100|0.00276002|0.00118084
9200|0.00276386|0.00118078
9300|0.00276762|0.00118073
9400|0.00277128|0.00118071
9500|0.00277485|0.00118071
9600|0.00277833|0.00118072
9700|0.00278171|0.00118075
9800|0.00278501|0.00118079
9900|0.00278822|0.00118084
10000|0.00279134|0.0011809
10100|0.00279437|0.00118096
10200|0.00279732|0.00118104
10300|0.00280018|0.00118111
10400|0.00280296|0.00118119
10500|0.00280565|0.00118128
10600|0.00280827|0.00118136
10700|0.00281081|0.00118144
10800|0.00281327|0.00118153
10900|0.00281565|0.00118161
11000|0.00281796|0.0011817
11100|0.0028202|0.00118178
11200|0.00282238|0.00118186
11300|0.00282448|0.00118193
11400|0.00282652|0.001182
11500|0.00282849|0.00118207
11600|0.0028304|0.00118214
11700|0.00283225|0.0011822
11800|0.00283405|0.00118225
11900|0.00283578|0.00118231
12000|0.00283747|0.00118235
12100|0.00283909|0.00118239
12200|0.00284067|0.00118243
12300|0.0028422|0.00118246
12400|0.00284368|0.00118249
12500|0.00284511|0.0011825
12600|0.0028465|0.00118252
12700|0.00284784|0.00118253
12800|0.00284914|0.00118253
12900|0.0028504|0.00118252
13000|0.00285161|0.00118251
13100|0.0028528|0.00118249
13200|0.00285394|0.00118247
13300|0.00285505|0.00118244
13400|0.00285612|0.0011824
13500|0.00285716|0.00118236
13600|0.00285817|0.00118231
13700|0.00285914|0.00118225
13800|0.00286009|0.00118219
13900|0.00286101|0.00118212
14000|0.0028619|0.00118204
14100|0.00286277|0.00118196
14200|0.00286361|0.00118187
14300|0.00286443|0.00118178
14400|0.00286522|0.00118168
14500|0.002866|0.00118157
14600|0.00286676|0.00118146
14700|0.0028675|0.00118134
14800|0.00286823|0.00118122
14900|0.00286894|0.00118109
15000|0.00286965|0.00118096
15100|0.00287034|0.00118082
15200|0.00287102|0.00118068
15300|0.0028717|0.00118054
15400|0.00287237|0.00118039
15500|0.00287305|0.00118024
15600|0.00287372|0.00118009
15700|0.00287439|0.00117993
15800|0.00287507|0.00117978
15900|0.00287576|0.00117962
16000|0.00287646|0.00117946
16100|0.00287716|0.0011793
16200|0.00287788|0.00117915
16300|0.00287862|0.00117899
16400|0.00287938|0.00117883
16500|0.00288015|0.00117868
16600|0.00288095|0.00117852
16700|0.00288178|0.00117837
16800|0.00288263|0.00117822
16900|0.00288351|0.00117807
17000|0.00288442|0.00117793
17100|0.00288537|0.00117779
17200|0.00288635|0.00117765
17300|0.00288737|0.00117752
17400|0.00288843|0.00117738
17500|0.00288953|0.00117726
17600|0.00289067|0.00117713
17700|0.00289185|0.00117701
17800|0.00289309|0.0011769
17900|0.00289436|0.00117679
18000|0.00289569|0.00117668
18100|0.00289707|0.00117658
18200|0.0028985|0.00117648
18300|0.00289998|0.00117638
18400|0.00290152|0.00117629
18500|0.00290311|0.0011762
18600|0.00290476|0.00117612
18700|0.00290646|0.00117604
18800|0.00290822|0.00117596
18900|0.00291004|0.00117589
19000|0.00291192|0.00117581
19100|0.00291386|0.00117575
19200|0.00291586|0.00117568
19300|0.00291792|0.00117562
19400|0.00292004|0.00117556
19500|0.00292223|0.0011755
19600|0.00292447|0.00117544
19700|0.00292679|0.00117538
19800|0.00292916|0.00117533
19900|0.0029316|0.00117527
20000|0.00293411|0.00117522
20100|0.00293668|0.00117517
20200|0.00293931|0.00117511
20300|0.00294201|0.00117506
20400|0.00294478|0.001175
20500|0.00294761|0.00117495
20600|0.0029505|0.00117489
20700|0.00295346|0.00117483
20800|0.00295649|0.00117476
20900|0.00295958|0.0011747
21000|0.00296274|0.00117463
21100|0.00296595|0.00117455
21200|0.00296924|0.00117447
21300|0.00297258|0.00117439
21400|0.00297599|0.0011743
21500|0.00297945|0.0011742
21600|0.00298298|0.00117409
21700|0.00298657|0.00117398
21800|0.00299021|0.00117386
21900|0.00299391|0.00117373
22000|0.00299766|0.00117359
22100|0.00300146|0.00117343
22200|0.00300531|0.00117327
22300|0.00300921|0.00117309
22400|0.00301315|0.0011729
22500|0.00301713|0.0011727
22600|0.00302114|0.00117248
22700|0.00302519|0.00117224
22800|0.00302926|0.00117199
22900|0.00303336|0.00117172
23000|0.00303747|0.00117143
23100|0.00304159|0.00117112
23200|0.00304572|0.00117079
23300|0.00304984|0.00117043
23400|0.00305394|0.00117006
23500|0.00305803|0.00116965
23600|0.00306209|0.00116923
23700|0.00306611|0.00116877
23800|0.00307007|0.00116829
23900|0.00307398|0.00116778
24000|0.00307781|0.00116724
24100|0.00308155|0.00116667
24200|0.00308519|0.00116606
24300|0.00308872|0.00116542
24400|0.00309211|0.00116475
24500|0.00309536|0.00116405
24600|0.00309845|0.0011633
24700|0.00310135|0.00116252
24800|0.00310406|0.00116171
24900|0.00310656|0.00116085
25000|0.00310882|0.00115995
25100|0.00311084|0.00115901
25200|0.00311258|0.00115803
25300|0.00311403|0.001157
25400|0.00311518|0.00115593
25500|0.00311601|0.00115481
25600|0.00311649|0.00115364
25700|0.00311661|0.00115243
25800|0.00311636|0.00115116
25900|0.00311571|0.00114985
26000|0.00311466|0.00114848
26100|0.00311319|0.00114706
26200|0.00311129|0.00114558
26300|0.00310895|0.00114404
26400|0.00310616|0.00114245
26500|0.00310291|0.00114081
26600|0.00309921|0.0011391
26700|0.00309504|0.00113733
26800|0.00309041|0.00113551
26900|0.00308532|0.00113363
27000|0.00307978|0.00113169
27100|0.0030738|0.00112969
27200|0.00306738|0.00112764
27300|0.00306053|0.00112553
27400|0.00305327|0.00112337
27500|0.00304563|0.00112115
27600|0.00303761|0.00111889
27700|0.00302923|0.00111658
27800|0.00302053|0.00111423
27900|0.00301153|0.00111184
28000|0.00300225|0.00110941
28100|0.00299271|0.00110695
28200|0.00298297|0.00110447
28300|0.00297303|0.00110196
28400|0.00296293|0.00109943
28500|0.00295271|0.00109689
28600|0.0029424|0.00109434
28700|0.00293203|0.00109179
28800|0.00292163|0.00108924
28900|0.00291124|0.0010867
29000|0.00290088|0.00108418
29100|0.00289059|0.00108167
29200|0.00288039|0.00107919
29300|0.00287031|0.00107673
29400|0.00286038|0.00107431
29500|0.00285061|0.00107193
29600|0.00284103|0.00106958
29700|0.00283166|0.00106728
29800|0.00282251|0.00106502
29900|0.00281359|0.00106282
30000|0.00280491|0.00106066
30100|0.00279648|0.00105856
30200|0.00278831|0.00105652
30300|0.0027804|0.00105453
30400|0.00277275|0.00105259
30500|0.00276536|0.00105071
30600|0.00275822|0.00104889
30700|0.00275134|0.00104712
30800|0.0027447|0.0010454
30900|0.00273831|0.00104374
31000|0.00273215|0.00104213
31100|0.00272622|0.00104058
31200|0.00272051|0.00103907
31300|0.002715|0.00103762
31400|0.0027097|0.00103621
31500|0.00270459|0.00103484
31600|0.00269966|0.00103352
31700|0.00269491|0.00103225
31800|0.00269033|0.00103101
31900|0.0026859|0.00102982
32000|0.00268163|0.00102866
32100|0.00267749|0.00102754
32200|0.0026735|0.00102645
32300|0.00266963|0.0010254
32400|0.00266588|0.00102438
32500|0.00266226|0.00102339
32600|0.00265874|0.00102243
32700|0.00265532|0.0010215
32800|0.00265201|0.00102059
32900|0.00264879|0.00101971
33000|0.00264566|0.00101886
33100|0.00264262|0.00101803
33200|0.00263966|0.00101722
33300|0.00263678|0.00101643
33400|0.00263397|0.00101566
33500|0.00263124|0.00101491
33600|0.00262857|0.00101418
33700|0.00262597|0.00101347
33800|0.00262343|0.00101278
33900|0.00262096|0.0010121
34000|0.00261854|0.00101143
34100|0.00261618|0.00101078
34200|0.00261387|0.00101015
34300|0.00261161|0.00100953
34400|0.00260941|0.00100892
34500|0.00260725|0.00100832
34600|0.00260514|0.00100774
34700|0.00260307|0.00100716
34800|0.00260105|0.0010066
34900|0.00259907|0.00100605
35000|0.00259713|0.0010055
35100|0.00259523|0.00100497
35200|0.00259337|0.00100444
35300|0.00259155|0.00100393
35400|0.00258976|0.00100342
35500|0.00258801|0.00100291
35600|0.00258629|0.00100242
35700|0.0025846|0.00100193
35800|0.00258294|0.00100145
35900|0.00258132|0.00100098
36000|0.00257973|0.00100051
36100|0.00257816|0.00100005
36200|0.00257663|9.9959E-4
36300|0.00257512|9.9914E-4
36400|0.00257364|9.9869E-4
36500|0.00257218|9.9825E-4
36600|0.00257076|9.9782E-4
36700|0.00256935|9.9738E-4
36800|0.00256797|9.9696E-4
36900|0.00256662|9.9653E-4
37000|0.00256529|9.9611E-4
37100|0.00256398|9.957E-4
37200|0.00256269|9.9528E-4
37300|0.00256143|9.9487E-4
37400|0.00256018|9.9447E-4
37500|0.00255896|9.9406E-4
37600|0.00255776|9.9366E-4
37700|0.00255658|9.9327E-4
37800|0.00255541|9.9287E-4
37900|0.00255427|9.9248E-4
38000|0.00255315|9.9209E-4
38100|0.00255204|9.9171E-4
38200|0.00255095|9.9132E-4
38300|0.00254988|9.9094E-4
38400|0.00254883|9.9056E-4
38500|0.00254779|9.9018E-4
38600|0.00254677|9.898E-4
38700|0.00254577|9.8943E-4
38800|0.00254478|9.8906E-4
38900|0.00254381|9.8869E-4
39000|0.00254286|9.8832E-4
39100|0.00254191|9.8795E-4
39200|0.00254099|9.8758E-4
39300|0.00254008|9.8722E-4
39400|0.00253918|9.8685E-4
39500|0.0025383|9.8649E-4
39600|0.00253743|9.8613E-4
39700|0.00253657|9.8577E-4
39800|0.00253573|9.8541E-4
39900|0.0025349|9.8506E-4
40000|0.00253408|9.847E-4
40100|0.00253328|9.8435E-4
40200|0.00253249|9.8399E-4
40300|0.00253171|9.8364E-4
40400|0.00253094|9.8329E-4
40500|0.00253018|9.8294E-4
40600|0.00252944|9.8259E-4
40700|0.0025287|9.8224E-4
40800|0.00252798|9.8189E-4
40900|0.00252726|9.8155E-4
41000|0.00252656|9.812E-4
41100|0.00252587|9.8085E-4
41200|0.00252518|9.8051E-4
41300|0.00252451|9.8016E-4
41400|0.00252384|9.7982E-4
41500|0.00252319|9.7948E-4
41600|0.00252254|9.7914E-4
41700|0.0025219|9.788E-4
41800|0.00252127|9.7845E-4
41900|0.00252065|9.7811E-4
42000|0.00252003|9.7777E-4
42100|0.00251942|9.7744E-4
42200|0.00251882|9.771E-4
42300|0.00251823|9.7676E-4
42400|0.00251764|9.7642E-4
42500|0.00251706|9.7609E-4
42600|0.00251648|9.7575E-4
42700|0.00251591|9.7541E-4
42800|0.00251535|9.7508E-4
42900|0.00251479|9.7475E-4
43000|0.00251423|9.7441E-4
43100|0.00251368|9.7408E-4
43200|0.00251313|9.7374E-4
43300|0.00251259|9.7341E-4
43400|0.00251205|9.7308E-4
43500|0.00251152|9.7275E-4
43600|0.00251099|9.7242E-4
43700|0.00251046|9.7208E-4
43800|0.00250993|9.7175E-4
43900|0.00250941|9.7142E-4
44000|0.00250888|9.7109E-4
44100|0.00250836|9.7076E-4
44200|0.00250784|9.7044E-4
44300|0.00250732|9.7011E-4
44400|0.00250681|9.6978E-4
44500|0.00250629|9.6945E-4
44600|0.00250577|9.6912E-4
44700|0.00250525|9.6879E-4
44800|0.00250474|9.6847E-4
44900|0.00250422|9.6814E-4
45000|0.0025037|9.6781E-4
45100|0.00250317|9.6749E-4
45200|0.00250265|9.6716E-4
45300|0.00250212|9.6684E-4
45400|0.0025016|9.6651E-4
45500|0.00250107|9.6618E-4
45600|0.00250053|9.6586E-4
45700|0.0025|9.6553E-4
45800|0.00249946|9.6521E-4
45900|0.00249891|9.6488E-4
46000|0.00249836|9.6456E-4
46100|0.00249781|9.6424E-4
46200|0.00249725|9.6391E-4
46300|0.00249669|9.6359E-4
46400|0.00249612|9.6326E-4
46500|0.00249555|9.6294E-4
46600|0.00249497|9.6261E-4
46700|0.00249438|9.6229E-4
46800|0.00249379|9.6197E-4
46900|0.00249319|9.6164E-4
47000|0.00249258|9.6132E-4
47100|0.00249197|9.6099E-4
47200|0.00249135|9.6067E-4
47300|0.00249072|9.6035E-4
47400|0.00249008|9.6002E-4
47500|0.00248943|9.597E-4
47600|0.00248878|9.5937E-4
47700|0.00248812|9.5905E-4
47800|0.00248744|9.5872E-4
47900|0.00248676|9.584E-4
48000|0.00248607|9.5807E-4
48100|0.00248537|9.5775E-4
48200|0.00248466|9.5742E-4
48300|0.00248393|9.571E-4
48400|0.0024832|9.5677E-4
48500|0.00248246|9.5645E-4
48600|0.0024817|9.5612E-4
48700|0.00248094|9.5579E-4
48800|0.00248016|9.5547E-4
48900|0.00247937|9.5514E-4
49000|0.00247857|9.5481E-4
49100|0.00247776|9.5448E-4
49200|0.00247693|9.5415E-4
49300|0.0024761|9.5382E-4
49400|0.00247525|9.535E-4
49500|0.00247439|9.5317E-4
49600|0.00247351|9.5283E-4
49700|0.00247263|9.525E-4
49800|0.00247173|9.5217E-4
49900|0.00247081|9.5184E-4
