0|0.16220726|0.16176285
100|0.0046272|0.00953073
200|0.00271241|0.00418733
300|0.00304925|0.00394957
400|0.00307285|0.00388469
500|0.00306506|0.0038315
600|0.00305215|0.00378214
700|0.00303297|0.0037303
800|0.00300607|0.00367098
900|0.00297161|0.00360157
1000|0.0029306|0.00352219
1100|0.00288386|0.00343486
1200|0.00283144|0.00334235
1300|0.00277285|0.00324727
1400|0.00270751|0.00315182
1500|0.0026352|0.00305785
1600|0.00255627|0.0029669
1700|0.0024718|0.00288027
1800|0.00238348|0.00279899
1900|0.00229354|0.00272378
2000|0.00220443|0.00265506
2100|0.00211858|0.00259291
2200|0.0020381|0.00253713
2300|0.00196457|0.00248727
2400|0.00189886|0.00244276
2500|0.00184125|0.00240297
2600|0.00179145|0.0023673
2700|0.00174883|0.00233519
2800|0.00171255|0.00230617
2900|0.0016817|0.00227985
3000|0.00165541|0.00225588
3100|0.00163293|0.00223394
3200|0.00161361|0.00221378
3300|0.00159693|0.00219515
3400|0.00158248|0.00217786
3500|0.00156992|0.00216172
3600|0.00155899|0.0021466
3700|0.00154947|0.00213236
3800|0.00154121|0.0021189
3900|0.00153405|0.00210615
4000|0.00152788|0.00209403
4100|0.00152261|0.00208248
4200|0.00151815|0.00207147
4300|0.00151443|0.00206095
4400|0.00151139|0.00205089
4500|0.00150897|0.00204127
4600|0.00150713|0.00203207
4700|0.00150581|0.00202326
4800|0.00150497|0.00201483
4900|0.00150458|0.00200676
5000|0.00150459|0.00199904
5100|0.00150497|0.00199166
5200|0.00150569|0.0019846
5300|0.00150671|0.00197785
5400|0.001508|0.0019714
5500|0.00150954|0.00196523
5600|0.00151129|0.00195934
5700|0.00151323|0.0019537
5800|0.00151534|0.00194832
5900|0.0015176|0.00194317
6000|0.00151997|0.00193824
6100|0.00152245|0.00193352
6200|0.00152502|0.00192901
6300|0.00152766|0.00192468
6400|0.00153036|0.00192053
6500|0.0015331|0.00191655
6600|0.00153586|0.00191272
6700|0.00153865|0.00190904
6800|0.00154145|0.0019055
6900|0.00154425|0.00190208
7000|0.00154704|0.00189878
7100|0.00154982|0.00189559
7200|0.00155257|0.0018925
7300|0.00155531|0.00188951
7400|0.00155801|0.0018866
7500|0.00156068|0.00188377
7600|0.00156332|0.00188101
7700|0.00156591|0.00187833
7800|0.00156847|0.0018757
7900|0.00157098|0.00187313
8000|0.00157345|0.00187061
8100|0.00157588|0.00186813
8200|0.00157826|0.0018657
8300|0.00158059|0.0018633
8400|0.00158288|0.00186094
8500|0.00158512|0.00185861
8600|0.00158732|0.0018563
8700|0.00158947|0.00185401
8800|0.00159158|0.00185174
8900|0.00159365|0.00184949
9000|0.00159567|0.00184725
9100|0.00159766|0.00184502
9200|0.00159961|0.00184281
9300|0.00160151|0.00184059
9400|0.00160338|0.00183839
9500|0.00160522|0.00183618
9600|0.00160702|0.00183397
9700|0.00160879|0.00183177
9800|0.00161052|0.00182956
9900|0.00161223|0.00182734
10000|0.00161391|0.00182512
10100|0.00161556|0.00182289
10200|0.00161718|0.00182066
10300|0.00161878|0.00181842
10400|0.00162035|0.00181616
10500|0.0016219|0.0018139
10600|0.00162343|0.00181162
10700|0.00162494|0.00180933
10800|0.00162643|0.00180703
10900|0.00162791|0.00180472
11000|0.00162936|0.00180239
11100|0.0016308|0.00180004
11200|0.00163222|0.00179768
11300|0.00163364|0.00179531
11400|0.00163503|0.00179292
11500|0.00163642|0.00179052
11600|0.00163779|0.0017881
11700|0.00163915|0.00178566
11800|0.00164051|0.00178321
11900|0.00164185|0.00178075
12000|0.00164319|0.00177826
12100|0.00164452|0.00177576
12200|0.00164584|0.00177325
12300|0.00164715|0.00177072
12400|0.00164847|0.00176817
12500|0.00164977|0.00176561
12600|0.00165107|0.00176303
12700|0.00165237|0.00176044
12800|0.00165367|0.00175783
12900|0.00165497|0.00175521
13000|0.00165626|0.00175257
13100|0.00165755|0.00174991
13200|0.00165885|0.00174724
13300|0.00166014|0.00174456
13400|0.00166143|0.00174186
13500|0.00166273|0.00173915
13600|0.00166403|0.00173642
13700|0.00166532|0.00173367
13800|0.00166663|0.00173092
13900|0.00166793|0.00172814
14000|0.00166924|0.00172536
14100|0.00167055|0.00172256
14200|0.00167187|0.00171974
14300|0.00167319|0.00171691
14400|0.00167451|0.00171407
14500|0.00167584|0.00171121
14600|0.00167718|0.00170834
14700|0.00167852|0.00170545
14800|0.00167986|0.00170255
14900|0.00168121|0.00169963
15000|0.00168257|0.0016967
15100|0.00168393|0.00169375
15200|0.0016853|0.00169079
15300|0.00168667|0.00168781
15400|0.00168805|0.00168482
15500|0.00168943|0.00168182
15600|0.00169082|0.00167879
15700|0.00169222|0.00167576
15800|0.00169362|0.0016727
15900|0.00169502|0.00166964
16000|0.00169644|0.00166655
16100|0.00169785|0.00166345
16200|0.00169927|0.00166034
16300|0.0017007|0.00165721
16400|0.00170213|0.00165406
16500|0.00170357|0.0016509
16600|0.001705|0.00164772
16700|0.00170645|0.00164453
16800|0.00170789|0.00164133
16900|0.00170934|0.0016381
17000|0.0017108|0.00163487
17100|0.00171225|0.00163161
17200|0.00171371|0.00162835
17300|0.00171517|0.00162506
17400|0.00171663|0.00162177
17500|0.00171809|0.00161846
17600|0.00171955|0.00161513
17700|0.00172102|0.00161179
17800|0.00172248|0.00160844
17900|0.00172395|0.00160507
18000|0.00172541|0.0016017
18100|0.00172688|0.0015983
18200|0.00172834|0.0015949
18300|0.0017298|0.00159148
18400|0.00173126|0.00158805
18500|0.00173272|0.0015846
18600|0.00173418|0.00158114
18700|0.00173563|0.00157767
18800|0.00173708|0.00157419
18900|0.00173852|0.0015707
19000|0.00173997|0.00156719
19100|0.00174141|0.00156368
19200|0.00174284|0.00156015
19300|0.00174427|0.0015566
19400|0.0017457|0.00155305
19500|0.00174712|0.00154948
19600|0.00174853|0.00154591
19700|0.00174994|0.00154232
19800|0.00175135|0.00153872
19900|0.00175275|0.00153511
20000|0.00175415|0.00153148
20100|0.00175554|0.00152785
20200|0.00175693|0.0015242
20300|0.00175831|0.00152054
20400|0.00175969|0.00151687
20500|0.00176106|0.00151319
20600|0.00176243|0.0015095
20700|0.0017638|0.0015058
20800|0.00176516|0.00150209
20900|0.00176652|0.00149837
21000|0.00176788|0.00149464
21100|0.00176924|0.00149091
21200|0.0017706|0.00148716
21300|0.00177195|0.00148341
21400|0.00177331|0.00147965
21500|0.00177467|0.00147588
21600|0.00177603|0.00147211
21700|0.00177739|0.00146834
21800|0.00177876|0.00146456
21900|0.00178013|0.00146079
22000|0.0017815|0.00145702
22100|0.00178287|0.00145324
22200|0.00178425|0.00144948
22300|0.00178564|0.00144572
22400|0.00178703|0.00144197
22500|0.00178842|0.00143823
22600|0.00178982|0.00143451
22700|0.00179122|0.0014308
22800|0.00179263|0.00142711
22900|0.00179404|0.00142345
23000|0.00179545|0.00141981
23100|0.00179686|0.0014162
23200|0.00179827|0.00141263
23300|0.00179967|0.00140909
23400|0.00180108|0.00140559
23500|0.00180247|0.00140213
23600|0.00180386|0.00139871
23700|0.00180524|0.00139535
23800|0.00180661|0.00139204
23900|0.00180797|0.00138878
24000|0.0018093|0.00138558
24100|0.00181062|0.00138243
24200|0.00181192|0.00137936
24300|0.0018132|0.00137634
24400|0.00181445|0.00137339
24500|0.00181567|0.00137051
24600|0.00181687|0.0013677
24700|0.00181803|0.00136495
24800|0.00181917|0.00136228
24900|0.00182027|0.00135968
25000|0.00182134|0.00135715
25100|0.00182237|0.00135469
25200|0.00182337|0.0013523
25300|0.00182434|0.00134998
25400|0.00182527|0.00134772
25500|0.00182616|0.00134554
25600|0.00182702|0.00134343
25700|0.00182785|0.00134137
25800|0.00182865|0.00133939
25900|0.00182941|0.00133746
26000|0.00183014|0.0013356
26100|0.00183084|0.0013338
26200|0.00183151|0.00133205
26300|0.00183216|0.00133036
26400|0.00183277|0.00132872
26500|0.00183336|0.00132714
26600|0.00183393|0.0013256
26700|0.00183447|0.00132412
26800|0.001835|0.00132268
26900|0.0018355|0.00132128
27000|0.00183598|0.00131993
27100|0.00183644|0.00131863
27200|0.00183689|0.00131736
27300|0.00183732|0.00131613
27400|0.00183773|0.00131493
27500|0.00183813|0.00131377
27600|0.00183852|0.00131265
27700|0.0018389|0.00131156
27800|0.00183926|0.0013105
27900|0.00183962|0.00130947
28000|0.00183996|0.00130846
28100|0.0018403|0.00130749
28200|0.00184062|0.00130654
28300|0.00184094|0.00130562
28400|0.00184126|0.00130472
28500|0.00184156|0.00130384
28600|0.00184186|0.00130299
28700|0.00184216|0.00130216
28800|0.00184245|0.00130134
28900|0.00184274|0.00130055
29000|0.00184302|0.00129978
29100|0.0018433|0.00129903
29200|0.00184357|0.00129829
29300|0.00184384|0.00129757
29400|0.00184411|0.00129686
29500|0.00184437|0.00129618
29600|0.00184464|0.0012955
29700|0.0018449|0.00129484
29800|0.00184516|0.0012942
29900|0.00184541|0.00129357
30000|0.00184567|0.00129295
30100|0.00184592|0.00129234
30200|0.00184618|0.00129174
30300|0.00184643|0.00129116
30400|0.00184668|0.00129059
30500|0.00184693|0.00129003
30600|0.00184717|0.00128948
30700|0.00184742|0.00128894
30800|0.00184767|0.00128841
30900|0.00184791|0.00128788
31000|0.00184816|0.00128737
31100|0.0018484|0.00128687
31200|0.00184864|0.00128637
31300|0.00184889|0.00128589
31400|0.00184913|0.00128541
31500|0.00184937|0.00128494
31600|0.00184961|0.00128447
31700|0.00184985|0.00128402
31800|0.00185009|0.00128357
31900|0.00185032|0.00128313
32000|0.00185056|0.00128269
32100|0.0018508|0.00128226
32200|0.00185103|0.00128184
32300|0.00185127|0.00128143
32400|0.0018515|0.00128102
32500|0.00185174|0.00128061
32600|0.00185197|0.00128021
32700|0.0018522|0.00127982
32800|0.00185243|0.00127944
32900|0.00185266|0.00127905
33000|0.00185289|0.00127868
33100|0.00185312|0.00127831
33200|0.00185334|0.00127794
33300|0.00185357|0.00127758
33400|0.00185379|0.00127722
33500|0.00185401|0.00127687
33600|0.00185423|0.00127652
33700|0.00185445|0.00127618
33800|0.00185467|0.00127584
33900|0.00185489|0.0012755
34000|0.00185511|0.00127517
34100|0.00185532|0.00127484
34200|0.00185553|0.00127452
34300|0.00185574|0.0012742
34400|0.00185595|0.00127388
34500|0.00185616|0.00127357
34600|0.00185637|0.00127326
34700|0.00185657|0.00127296
34800|0.00185677|0.00127266
34900|0.00185697|0.00127236
35000|0.00185717|0.00127207
35100|0.00185737|0.00127177
35200|0.00185756|0.00127149
35300|0.00185776|0.0012712
35400|0.00185795|0.00127092
35500|0.00185814|0.00127064
35600|0.00185832|0.00127036
35700|0.00185851|0.00127009
35800|0.00185869|0.00126982
35900|0.00185887|0.00126955
36000|0.00185905|0.00126929
36100|0.00185922|0.00126903
36200|0.0018594|0.00126877
36300|0.00185957|0.00126851
36400|0.00185974|0.00126826
36500|0.00185991|0.00126801
36600|0.00186007|0.00126776
36700|0.00186023|0.00126751
36800|0.00186039|0.00126727
36900|0.00186055|0.00126702
37000|0.0018607|0.00126678
37100|0.00186086|0.00126655
37200|0.00186101|0.00126631
37300|0.00186115|0.00126608
37400|0.0018613|0.00126585
37500|0.00186144|0.00126562
37600|0.00186158|0.00126539
37700|0.00186172|0.00126516
37800|0.00186185|0.00126494
37900|0.00186199|0.00126472
38000|0.00186211|0.0012645
38100|0.00186224|0.00126428
38200|0.00186237|0.00126407
38300|0.00186249|0.00126386
38400|0.00186261|0.00126364
38500|0.00186273|0.00126343
38600|0.00186284|0.00126323
38700|0.00186295|0.00126302
38800|0.00186306|0.00126281
38900|0.00186317|0.00126261
39000|0.00186327|0.00126241
39100|0.00186338|0.00126221
39200|0.00186348|0.00126201
39300|0.00186357|0.00126181
39400|0.00186367|0.00126162
39500|0.00186376|0.00126143
39600|0.00186385|0.00126123
39700|0.00186393|0.00126104
39800|0.00186402|0.00126085
39900|0.0018641|0.00126066
40000|0.00186418|0.00126048
40100|0.00186426|0.00126029
40200|0.00186433|0.00126011
40300|0.0018644|0.00125992
40400|0.00186447|0.00125974
40500|0.00186454|0.00125956
40600|0.0018646|0.00125938
40700|0.00186467|0.00125921
40800|0.00186473|0.00125903
40900|0.00186478|0.00125885
41000|0.00186484|0.00125868
41100|0.00186489|0.00125851
41200|0.00186494|0.00125834
41300|0.00186499|0.00125816
41400|0.00186504|0.00125799
41500|0.00186508|0.00125783
41600|0.00186512|0.00125766
41700|0.00186516|0.00125749
41800|0.0018652|0.00125733
41900|0.00186523|0.00125716
42000|0.00186527|0.001257
42100|0.0018653|0.00125684
42200|0.00186532|0.00125667
42300|0.00186535|0.00125651
42400|0.00186537|0.00125635
42500|0.0018654|0.00125619
42600|0.00186542|0.00125604
42700|0.00186543|0.00125588
42800|0.00186545|0.00125572
42900|0.00186546|0.00125557
43000|0.00186548|0.00125541
43100|0.00186549|0.00125526
43200|0.00186549|0.00125511
43300|0.0018655|0.00125495
43400|0.0018655|0.0012548
43500|0.00186551|0.00125465
43600|0.00186551|0.0012545
43700|0.00186551|0.00125435
43800|0.0018655|0.00125421
43900|0.0018655|0.00125406
44000|0.00186549|0.00125391
44100|0.00186548|0.00125376
44200|0.00186547|0.00125362
44300|0.00186546|0.00125347
44400|0.00186545|0.00125333
44500|0.00186543|0.00125319
44600|0.00186542|0.00125304
44700|0.0018654|0.0012529
44800|0.00186538|0.00125276
44900|0.00186536|0.00125262
45000|0.00186533|0.00125248
45100|0.00186531|0.00125234
45200|0.00186528|0.0012522
45300|0.00186525|0.00125206
45400|0.00186523|0.00125192
45500|0.0018652|0.00125179
45600|0.00186516|0.00125165
45700|0.00186513|0.00125151
45800|0.0018651|0.00125138
45900|0.00186506|0.00125124
46000|0.00186502|0.00125111
46100|0.00186498|0.00125097
46200|0.00186494|0.00125084
46300|0.0018649|0.0012507
46400|0.00186486|0.00125057
46500|0.00186482|0.00125044
46600|0.00186477|0.00125031
46700|0.00186473|0.00125017
46800|0.00186468|0.00125004
46900|0.00186463|0.00124991
47000|0.00186458|0.00124978
47100|0.00186453|0.00124965
47200|0.00186448|0.00124952
47300|0.00186443|0.00124939
47400|0.00186438|0.00124926
47500|0.00186432|0.00124914
47600|0.00186427|0.00124901
47700|0.00186421|0.00124888
47800|0.00186415|0.00124875
47900|0.00186409|0.00124862
48000|0.00186403|0.0012485
48100|0.00186397|0.00124837
48200|0.00186391|0.00124825
48300|0.00186385|0.00124812
48400|0.00186379|0.00124799
48500|0.00186373|0.00124787
48600|0.00186366|0.00124774
48700|0.0018636|0.00124762
48800|0.00186353|0.0012475
48900|0.00186346|0.00124737
49000|0.0018634|0.00124725
49100|0.00186333|0.00124712
49200|0.00186326|0.001247
49300|0.00186319|0.00124688
49400|0.00186312|0.00124676
49500|0.00186305|0.00124663
49600|0.00186298|0.00124651
49700|0.00186291|0.00124639
49800|0.00186284|0.00124627
49900|0.00186277|0.00124615
