0|0.05303176|0.06506477
100|0.00320853|0.00428305
200|0.00300559|0.00395641
300|0.00211808|0.00289279
400|0.00163003|0.00230092
500|0.00161969|0.00225878
600|0.00162476|0.00224324
700|0.00163197|0.00223187
800|0.00163644|0.00221974
900|0.00163749|0.00220547
1000|0.00163563|0.00218871
1100|0.00163155|0.00216941
1200|0.00162585|0.00214759
1300|0.00161912|0.00212339
1400|0.00161196|0.00209702
1500|0.00160501|0.00206879
1600|0.00159884|0.00203905
1700|0.00159389|0.00200815
1800|0.00159037|0.00197643
1900|0.00158838|0.00194424
2000|0.00158788|0.0019119
2100|0.00158883|0.00187975
2200|0.00159124|0.00184807
2300|0.00159519|0.0018171
2400|0.00160086|0.00178693
2500|0.00160853|0.00175746
2600|0.00161858|0.00172837
2700|0.00163147|0.0016991
2800|0.00164775|0.00166898
2900|0.00166814|0.00163738
3000|0.00169354|0.00160395
3100|0.00172507|0.0015689
3200|0.00176381|0.00153319
3300|0.00181029|0.00149841
3400|0.00186412|0.00146615
3500|0.00192425|0.0014374
3600|0.00198935|0.00141232
3700|0.00205801|0.00139062
3800|0.00212883|0.00137181
3900|0.00220038|0.00135545
4000|0.0022714|0.00134116
4100|0.00234083|0.00132861
4200|0.00240783|0.00131753
4300|0.00247178|0.00130768
4400|0.0025323|0.00129888
4500|0.00258917|0.00129096
4600|0.00264233|0.0012838
4700|0.00269185|0.00127729
4800|0.00273787|0.00127136
4900|0.0027806|0.00126595
5000|0.00282027|0.00126099
5100|0.00285715|0.00125646
5200|0.00289147|0.00125232
5300|0.0029235|0.00124855
5400|0.00295344|0.00124511
5500|0.00298149|0.00124199
5600|0.00300784|0.00123917
5700|0.00303263|0.00123663
5800|0.003056|0.00123435
5900|0.00307806|0.00123231
6000|0.00309892|0.00123049
6100|0.00311865|0.00122889
6200|0.00313734|0.00122748
6300|0.00315505|0.00122624
6400|0.00317182|0.00122515
6500|0.00318772|0.00122421
6600|0.00320279|0.0012234
6700|0.00321706|0.0012227
6800|0.00323058|0.0012221
6900|0.00324337|0.00122159
7000|0.00325547|0.00122115
7100|0.0032669|0.00122077
7200|0.00327769|0.00122045
7300|0.00328786|0.00122016
7400|0.00329745|0.00121991
7500|0.00330646|0.00121968
7600|0.00331493|0.00121947
7700|0.00332287|0.00121927
7800|0.00333031|0.00121907
7900|0.00333725|0.00121887
8000|0.00334373|0.00121866
8100|0.00334975|0.00121844
8200|0.00335534|0.0012182
8300|0.00336051|0.00121794
8400|0.00336528|0.00121766
8500|0.00336966|0.00121735
8600|0.00337367|0.00121701
8700|0.00337732|0.00121665
8800|0.00338063|0.00121625
8900|0.0033836|0.00121581
9000|0.00338626|0.00121535
9100|0.00338861|0.00121484
9200|0.00339066|0.0012143
9300|0.00339243|0.00121373
9400|0.00339393|0.00121311
9500|0.00339516|0.00121246
9600|0.00339614|0.00121177
9700|0.00339688|0.00121104
9800|0.00339738|0.00121028
9900|0.00339765|0.00120948
10000|0.00339771|0.00120864
10100|0.00339755|0.00120776
10200|0.00339719|0.00120685
10300|0.00339663|0.00120591
10400|0.00339589|0.00120494
10500|0.00339495|0.00120393
10600|0.00339384|0.00120289
10700|0.00339256|0.00120182
10800|0.0033911|0.00120073
10900|0.00338949|0.00119961
11000|0.00338771|0.00119846
11100|0.00338578|0.00119729
11200|0.0033837|0.00119611
11300|0.00338147|0.0011949
11400|0.0033791|0.00119368
11500|0.0033766|0.00119244
11600|0.00337395|0.00119119
11700|0.00337117|0.00118992
11800|0.00336826|0.00118865
11900|0.00336523|0.00118737
12000|0.00336206|0.00118609
12100|0.00335878|0.0011848
12200|0.00335538|0.00118351
12300|0.00335185|0.00118222
12400|0.00334821|0.00118093
12500|0.00334445|0.00117963
12600|0.00334058|0.00117834
12700|0.0033366|0.00117705
12800|0.0033325|0.00117577
12900|0.0033283|0.00117449
13000|0.00332398|0.00117321
13100|0.00331956|0.00117193
13200|0.00331503|0.00117065
13300|0.0033104|0.00116938
13400|0.00330566|0.00116811
13500|0.00330082|0.00116684
13600|0.00329588|0.00116557
13700|0.00329084|0.0011643
13800|0.0032857|0.00116303
13900|0.00328048|0.00116176
14000|0.00327517|0.00116048
14100|0.00326977|0.0011592
14200|0.00326429|0.00115792
14300|0.00325874|0.00115664
14400|0.00325311|0.00115534
14500|0.00324742|0.00115405
14600|0.00324167|0.00115274
14700|0.00323586|0.00115143
14800|0.00322999|0.00115012
14900|0.00322408|0.00114879
15000|0.00321812|0.00114746
15100|0.00321212|0.00114612
15200|0.00320609|0.00114477
15300|0.00320002|0.00114341
15400|0.00319392|0.00114204
15500|0.00318779|0.00114067
15600|0.00318164|0.00113928
15700|0.00317546|0.00113788
15800|0.00316925|0.00113648
15900|0.00316302|0.00113506
16000|0.00315676|0.00113364
16100|0.00315048|0.0011322
16200|0.00314417|0.00113075
16300|0.00313783|0.00112929
16400|0.00313146|0.00112783
16500|0.00312506|0.00112635
16600|0.00311863|0.00112486
16700|0.00311216|0.00112336
16800|0.00310566|0.00112185
16900|0.00309912|0.00112033
17000|0.00309254|0.00111879
17100|0.00308593|0.00111725
17200|0.00307927|0.0011157
17300|0.00307256|0.00111414
17400|0.00306582|0.00111257
17500|0.00305903|0.00111099
17600|0.0030522|0.0011094
17700|0.00304533|0.0011078
17800|0.00303842|0.00110619
17900|0.00303146|0.00110458
18000|0.00302447|0.00110296
18100|0.00301745|0.00110134
18200|0.00301039|0.0010997
18300|0.0030033|0.00109807
18400|0.00299618|0.00109643
18500|0.00298904|0.00109479
18600|0.00298188|0.00109314
18700|0.0029747|0.00109149
18800|0.0029675|0.00108984
18900|0.0029603|0.0010882
19000|0.00295309|0.00108655
19100|0.00294588|0.0010849
19200|0.00293868|0.00108326
19300|0.00293149|0.00108163
19400|0.00292431|0.00107999
19500|0.00291715|0.00107837
19600|0.00291001|0.00107675
19700|0.0029029|0.00107513
19800|0.00289582|0.00107353
19900|0.00288878|0.00107194
20000|0.00288179|0.00107035
20100|0.00287484|0.00106878
20200|0.00286794|0.00106723
20300|0.0028611|0.00106568
20400|0.00285431|0.00106415
20500|0.00284759|0.00106264
20600|0.00284094|0.00106114
20700|0.00283436|0.00105967
20800|0.00282785|0.0010582
20900|0.00282142|0.00105676
21000|0.00281508|0.00105534
21100|0.00280881|0.00105394
21200|0.00280263|0.00105256
21300|0.00279653|0.0010512
21400|0.00279053|0.00104986
21500|0.00278461|0.00104854
21600|0.00277879|0.00104725
21700|0.00277306|0.00104598
21800|0.00276743|0.00104473
21900|0.00276189|0.00104351
22000|0.00275645|0.00104231
22100|0.0027511|0.00104114
22200|0.00274585|0.00103999
22300|0.00274069|0.00103886
22400|0.00273563|0.00103776
22500|0.00273066|0.00103668
22600|0.00272579|0.00103563
22700|0.00272101|0.0010346
22800|0.00271632|0.0010336
22900|0.00271172|0.00103262
23000|0.00270721|0.00103166
23100|0.00270279|0.00103072
23200|0.00269846|0.00102981
23300|0.00269422|0.00102892
23400|0.00269005|0.00102806
23500|0.00268597|0.00102721
23600|0.00268198|0.00102639
23700|0.00267805|0.00102559
23800|0.00267421|0.00102481
23900|0.00267044|0.00102404
24000|0.00266675|0.0010233
24100|0.00266312|0.00102258
24200|0.00265957|0.00102188
24300|0.00265608|0.0010212
24400|0.00265266|0.00102053
24500|0.0026493|0.00101989
24600|0.00264601|0.00101926
24700|0.00264277|0.00101865
24800|0.0026396|0.00101805
24900|0.00263648|0.00101747
25000|0.00263341|0.00101691
25100|0.0026304|0.00101636
25200|0.00262743|0.00101582
25300|0.00262452|0.0010153
25400|0.00262165|0.0010148
25500|0.00261883|0.00101431
25600|0.00261606|0.00101383
25700|0.00261332|0.00101336
25800|0.00261063|0.00101291
25900|0.00260798|0.00101247
26000|0.00260536|0.00101204
26100|0.00260278|0.00101162
26200|0.00260023|0.00101121
26300|0.00259772|0.00101082
26400|0.00259524|0.00101043
26500|0.00259279|0.00101006
26600|0.00259037|0.00100969
26700|0.00258798|0.00100933
26800|0.00258562|0.00100899
26900|0.00258328|0.00100865
27000|0.00258096|0.00100832
27100|0.00257867|0.001008
27200|0.0025764|0.00100768
27300|0.00257415|0.00100738
27400|0.00257193|0.00100708
27500|0.00256972|0.00100679
27600|0.00256753|0.0010065
27700|0.00256536|0.00100622
27800|0.0025632|0.00100595
27900|0.00256106|0.00100569
28000|0.00255894|0.00100543
28100|0.00255682|0.00100518
28200|0.00255473|0.00100493
28300|0.00255264|0.00100469
28400|0.00255057|0.00100445
28500|0.00254851|0.00100422
28600|0.00254646|0.00100399
28700|0.00254442|0.00100377
28800|0.00254239|0.00100355
28900|0.00254037|0.00100334
29000|0.00253835|0.00100313
29100|0.00253635|0.00100292
29200|0.00253435|0.00100272
29300|0.00253237|0.00100253
29400|0.00253038|0.00100233
29500|0.00252841|0.00100214
29600|0.00252644|0.00100195
29700|0.00252448|0.00100177
29800|0.00252252|0.00100159
29900|0.00252057|0.00100141
30000|0.00251862|0.00100123
30100|0.00251667|0.00100106
30200|0.00251473|0.00100089
30300|0.0025128|0.00100072
30400|0.00251087|0.00100055
30500|0.00250894|0.00100039
30600|0.00250701|0.00100023
30700|0.00250509|0.00100007
30800|0.00250317|9.9991E-4
30900|0.00250125|9.9975E-4
31000|0.00249933|9.9959E-4
31100|0.00249741|9.9944E-4
31200|0.0024955|9.9928E-4
31300|0.00249358|9.9913E-4
31400|0.00249167|9.9898E-4
31500|0.00248975|9.9883E-4
31600|0.00248784|9.9868E-4
31700|0.00248592|9.9853E-4
31800|0.00248401|9.9838E-4
31900|0.00248209|9.9823E-4
32000|0.00248017|9.9808E-4
32100|0.00247825|9.9793E-4
32200|0.00247633|9.9779E-4
32300|0.0024744|9.9764E-4
32400|0.00247247|9.9749E-4
32500|0.00247054|9.9734E-4
32600|0.0024686|9.9719E-4
32700|0.00246666|9.9704E-4
32800|0.00246472|9.9689E-4
32900|0.00246277|9.9674E-4
33000|0.00246081|9.9659E-4
33100|0.00245885|9.9644E-4
33200|0.00245689|9.9628E-4
33300|0.00245491|9.9613E-4
33400|0.00245294|9.9597E-4
33500|0.00245095|9.9581E-4
33600|0.00244896|9.9566E-4
33700|0.00244696|9.955E-4
33800|0.00244495|9.9533E-4
33900|0.00244293|9.9517E-4
34000|0.00244091|9.9501E-4
34100|0.00243888|9.9484E-4
34200|0.00243684|9.9467E-4
34300|0.00243479|9.945E-4
34400|0.00243273|9.9432E-4
34500|0.00243066|9.9415E-4
34600|0.00242858|9.9397E-4
34700|0.00242649|9.9379E-4
34800|0.00242439|9.936E-4
34900|0.00242228|9.9342E-4
35000|0.00242016|9.9323E-4
35100|0.00241803|9.9304E-4
35200|0.00241589|9.9284E-4
35300|0.00241374|9.9264E-4
35400|0.00241158|9.9244E-4
35500|0.00240941|9.9224E-4
35600|0.00240723|9.9203E-4
35700|0.00240503|9.9182E-4
35800|0.00240283|9.916E-4
35900|0.00240061|9.9138E-4
36000|0.00239839|9.9116E-4
36100|0.00239615|9.9093E-4
36200|0.00239391|9.907E-4
36300|0.00239165|9.9046E-4
36400|0.00238939|9.9023E-4
36500|0.00238711|9.8998E-4
36600|0.00238483|9.8973E-4
36700|0.00238253|9.8948E-4
36800|0.00238023|9.8922E-4
36900|0.00237792|9.8896E-4
37000|0.0023756|9.8869E-4
37100|0.00237327|9.8842E-4
37200|0.00237094|9.8815E-4
37300|0.0023686|9.8786E-4
37400|0.00236625|9.8758E-4
37500|0.0023639|9.8729E-4
37600|0.00236154|9.8699E-4
37700|0.00235918|9.8669E-4
37800|0.00235681|9.8638E-4
37900|0.00235445|9.8607E-4
38000|0.00235208|9.8575E-4
38100|0.0023497|9.8542E-4
38200|0.00234733|9.8509E-4
38300|0.00234496|9.8476E-4
38400|0.00234259|9.8442E-4
38500|0.00234022|9.8407E-4
38600|0.00233785|9.8372E-4
38700|0.00233549|9.8336E-4
38800|0.00233314|9.8299E-4
38900|0.00233079|9.8262E-4
39000|0.00232844|9.8225E-4
39100|0.00232611|9.8186E-4
39200|0.00232378|9.8148E-4
39300|0.00232147|9.8108E-4
39400|0.00231916|9.8068E-4
39500|0.00231687|9.8028E-4
39600|0.00231459|9.7987E-4
39700|0.00231233|9.7945E-4
39800|0.00231008|9.7903E-4
39900|0.00230785|9.786E-4
40000|0.00230564|9.7816E-4
40100|0.00230345|9.7772E-4
40200|0.00230128|9.7728E-4
40300|0.00229913|9.7682E-4
40400|0.002297|9.7637E-4
40500|0.0022949|9.759E-4
40600|0.00229282|9.7544E-4
40700|0.00229077|9.7496E-4
40800|0.00228875|9.7448E-4
40900|0.00228675|9.74E-4
41000|0.00228478|9.7351E-4
41100|0.00228284|9.7302E-4
41200|0.00228093|9.7252E-4
41300|0.00227905|9.7202E-4
41400|0.0022772|9.7151E-4
41500|0.00227539|9.71E-4
41600|0.00227361|9.7048E-4
41700|0.00227186|9.6996E-4
41800|0.00227014|9.6944E-4
41900|0.00226846|9.6891E-4
42000|0.00226681|9.6837E-4
42100|0.00226519|9.6784E-4
42200|0.00226361|9.673E-4
42300|0.00226207|9.6676E-4
42400|0.00226056|9.6621E-4
42500|0.00225908|9.6566E-4
42600|0.00225764|9.6511E-4
42700|0.00225624|9.6455E-4
42800|0.00225487|9.64E-4
42900|0.00225353|9.6344E-4
43000|0.00225223|9.6287E-4
43100|0.00225096|9.6231E-4
43200|0.00224973|9.6174E-4
43300|0.00224853|9.6117E-4
43400|0.00224736|9.606E-4
43500|0.00224623|9.6003E-4
43600|0.00224513|9.5946E-4
43700|0.00224406|9.5888E-4
43800|0.00224302|9.5831E-4
43900|0.00224201|9.5773E-4
44000|0.00224103|9.5715E-4
44100|0.00224008|9.5658E-4
44200|0.00223916|9.56E-4
44300|0.00223827|9.5542E-4
44400|0.00223741|9.5484E-4
44500|0.00223657|9.5426E-4
44600|0.00223576|9.5368E-4
44700|0.00223498|9.531E-4
44800|0.00223423|9.5252E-4
44900|0.00223349|9.5195E-4
45000|0.00223279|9.5137E-4
45100|0.0022321|9.5079E-4
45200|0.00223144|9.5022E-4
45300|0.0022308|9.4964E-4
45400|0.00223018|9.4907E-4
45500|0.00222959|9.4849E-4
45600|0.00222901|9.4792E-4
45700|0.00222846|9.4735E-4
45800|0.00222792|9.4679E-4
45900|0.0022274|9.4622E-4
46000|0.0022269|9.4566E-4
46100|0.00222641|9.451E-4
46200|0.00222595|9.4454E-4
46300|0.00222549|9.4398E-4
46400|0.00222506|9.4343E-4
46500|0.00222463|9.4287E-4
46600|0.00222422|9.4232E-4
46700|0.00222383|9.4178E-4
46800|0.00222345|9.4123E-4
46900|0.00222307|9.4069E-4
47000|0.00222271|9.4015E-4
47100|0.00222237|9.3962E-4
47200|0.00222203|9.3909E-4
47300|0.0022217|9.3856E-4
47400|0.00222138|9.3804E-4
47500|0.00222106|9.3751E-4
47600|0.00222076|9.37E-4
47700|0.00222046|9.3648E-4
47800|0.00222017|9.3597E-4
47900|0.00221989|9.3547E-4
48000|0.00221961|9.3497E-4
48100|0.00221934|9.3447E-4
48200|0.00221907|9.3397E-4
48300|0.0022188|9.3348E-4
48400|0.00221854|9.33E-4
48500|0.00221828|9.3251E-4
48600|0.00221803|9.3204E-4
48700|0.00221777|9.3156E-4
48800|0.00221752|9.3109E-4
48900|0.00221727|9.3063E-4
49000|0.00221702|9.3017E-4
49100|0.00221677|9.2971E-4
49200|0.00221652|9.2926E-4
49300|0.00221628|9.2882E-4
49400|0.00221603|9.2837E-4
49500|0.00221577|9.2794E-4
49600|0.00221552|9.275E-4
49700|0.00221527|9.2707E-4
49800|0.00221501|9.2665E-4
49900|0.00221475|9.2623E-4
