0|0.13349167|0.15155691
100|0.00314769|0.00379409
200|0.00404803|0.00342682
300|0.00401284|0.00277427
400|0.0030966|0.00175401
500|0.00263972|0.00139519
600|0.00242946|0.00123781
700|0.00229706|0.00113867
800|0.00220267|0.00106824
900|0.00213194|0.00101483
1000|0.00207667|9.7277E-4
1100|0.00203149|9.3892E-4
1200|0.00199319|9.1138E-4
1300|0.00196014|8.8882E-4
1400|0.00193156|8.7027E-4
1500|0.00190703|8.5497E-4
1600|0.00188627|8.4235E-4
1700|0.00186899|8.3193E-4
1800|0.00185491|8.2336E-4
1900|0.00184377|8.1635E-4
2000|0.00183527|8.1068E-4
2100|0.00182913|8.0615E-4
2200|0.00182508|8.0261E-4
2300|0.00182286|7.9991E-4
2400|0.0018222|7.9793E-4
2500|0.00182285|7.9653E-4
2600|0.00182457|7.9562E-4
2700|0.00182715|7.9508E-4
2800|0.00183038|7.9484E-4
2900|0.00183406|7.9483E-4
3000|0.00183805|7.9498E-4
3100|0.00184221|7.9526E-4
3200|0.00184642|7.9564E-4
3300|0.00185062|7.9609E-4
3400|0.00185474|7.966E-4
3500|0.00185877|7.9717E-4
3600|0.00186266|7.9778E-4
3700|0.00186641|7.9842E-4
3800|0.00187001|7.9909E-4
3900|0.00187345|7.9977E-4
4000|0.00187673|8.0045E-4
4100|0.00187984|8.0114E-4
4200|0.00188279|8.0182E-4
4300|0.00188557|8.0248E-4
4400|0.0018882|8.0313E-4
4500|0.00189067|8.0376E-4
4600|0.00189299|8.0437E-4
4700|0.00189517|8.0496E-4
4800|0.00189722|8.0554E-4
4900|0.00189915|8.0609E-4
5000|0.00190097|8.0663E-4
5100|0.00190267|8.0716E-4
5200|0.00190429|8.0767E-4
5300|0.00190581|8.0818E-4
5400|0.00190725|8.0867E-4
5500|0.00190862|8.0915E-4
5600|0.00190993|8.0962E-4
5700|0.00191117|8.1009E-4
5800|0.00191236|8.1055E-4
5900|0.0019135|8.11E-4
6000|0.00191459|8.1144E-4
6100|0.00191564|8.1187E-4
6200|0.00191665|8.123E-4
6300|0.00191762|8.1272E-4
6400|0.00191857|8.1312E-4
6500|0.00191948|8.1353E-4
6600|0.00192037|8.1392E-4
6700|0.00192123|8.143E-4
6800|0.00192207|8.1467E-4
6900|0.00192289|8.1504E-4
7000|0.0019237|8.1539E-4
7100|0.00192448|8.1573E-4
7200|0.00192526|8.1606E-4
7300|0.00192602|8.1639E-4
7400|0.00192676|8.1669E-4
7500|0.0019275|8.1699E-4
7600|0.00192823|8.1728E-4
7700|0.00192896|8.1755E-4
7800|0.00192968|8.1781E-4
7900|0.0019304|8.1806E-4
8000|0.00193111|8.1829E-4
8100|0.00193182|8.1851E-4
8200|0.00193254|8.1872E-4
8300|0.00193325|8.1891E-4
8400|0.00193398|8.1909E-4
8500|0.0019347|8.1925E-4
8600|0.00193543|8.194E-4
8700|0.00193617|8.1953E-4
8800|0.00193692|8.1965E-4
8900|0.00193768|8.1975E-4
9000|0.00193845|8.1983E-4
9100|0.00193923|8.199E-4
9200|0.00194003|8.1995E-4
9300|0.00194085|8.1998E-4
9400|0.00194168|8.2E-4
9500|0.00194252|8.2E-4
9600|0.00194339|8.1998E-4
9700|0.00194428|8.1994E-4
9800|0.00194518|8.1988E-4
9900|0.00194611|8.1981E-4
10000|0.00194706|8.1971E-4
10100|0.00194804|8.196E-4
10200|0.00194904|8.1947E-4
10300|0.00195006|8.1931E-4
10400|0.00195111|8.1914E-4
10500|0.00195218|8.1895E-4
10600|0.00195328|8.1874E-4
10700|0.0019544|8.1852E-4
10800|0.00195555|8.1827E-4
10900|0.00195673|8.1801E-4
11000|0.00195793|8.1772E-4
11100|0.00195916|8.1742E-4
11200|0.00196041|8.1711E-4
11300|0.00196168|8.1677E-4
11400|0.00196298|8.1642E-4
11500|0.0019643|8.1605E-4
11600|0.00196564|8.1567E-4
11700|0.001967|8.1528E-4
11800|0.00196838|8.1487E-4
11900|0.00196977|8.1444E-4
12000|0.00197119|8.1401E-4
12100|0.00197261|8.1356E-4
12200|0.00197406|8.1311E-4
12300|0.00197551|8.1264E-4
12400|0.00197698|8.1216E-4
12500|0.00197845|8.1168E-4
12600|0.00197993|8.1119E-4
12700|0.00198142|8.1069E-4
12800|0.00198292|8.1019E-4
12900|0.00198441|8.0969E-4
13000|0.00198591|8.0918E-4
13100|0.00198741|8.0866E-4
13200|0.00198891|8.0815E-4
13300|0.00199041|8.0764E-4
13400|0.0019919|8.0712E-4
13500|0.0019934|8.0661E-4
13600|0.00199488|8.061E-4
13700|0.00199636|8.0558E-4
13800|0.00199783|8.0508E-4
13900|0.0019993|8.0457E-4
14000|0.00200076|8.0407E-4
14100|0.0020022|8.0358E-4
14200|0.00200364|8.0309E-4
14300|0.00200507|8.026E-4
14400|0.00200648|8.0212E-4
14500|0.00200789|8.0165E-4
14600|0.00200928|8.0118E-4
14700|0.00201066|8.0072E-4
14800|0.00201202|8.0026E-4
14900|0.00201337|7.9981E-4
15000|0.00201471|7.9937E-4
15100|0.00201603|7.9894E-4
15200|0.00201734|7.9851E-4
15300|0.00201864|7.9809E-4
15400|0.00201992|7.9767E-4
15500|0.00202118|7.9726E-4
15600|0.00202243|7.9686E-4
15700|0.00202366|7.9646E-4
15800|0.00202487|7.9607E-4
15900|0.00202607|7.9569E-4
16000|0.00202726|7.9531E-4
16100|0.00202842|7.9494E-4
16200|0.00202957|7.9457E-4
16300|0.0020307|7.942E-4
16400|0.00203182|7.9384E-4
16500|0.00203291|7.9349E-4
16600|0.00203399|7.9314E-4
16700|0.00203505|7.9279E-4
16800|0.00203609|7.9244E-4
16900|0.00203712|7.921E-4
17000|0.00203812|7.9176E-4
17100|0.00203911|7.9142E-4
17200|0.00204008|7.9108E-4
17300|0.00204103|7.9075E-4
17400|0.00204196|7.9042E-4
17500|0.00204287|7.9009E-4
17600|0.00204377|7.8976E-4
17700|0.00204464|7.8943E-4
17800|0.0020455|7.891E-4
17900|0.00204634|7.8877E-4
18000|0.00204717|7.8844E-4
18100|0.00204797|7.8812E-4
18200|0.00204876|7.8779E-4
18300|0.00204953|7.8746E-4
18400|0.00205028|7.8714E-4
18500|0.00205102|7.8681E-4
18600|0.00205174|7.8649E-4
18700|0.00205244|7.8616E-4
18800|0.00205313|7.8583E-4
18900|0.00205381|7.8551E-4
19000|0.00205446|7.8518E-4
19100|0.00205511|7.8485E-4
19200|0.00205574|7.8453E-4
19300|0.00205635|7.842E-4
19400|0.00205695|7.8387E-4
19500|0.00205754|7.8355E-4
19600|0.00205812|7.8322E-4
19700|0.00205868|7.8289E-4
19800|0.00205923|7.8257E-4
19900|0.00205977|7.8224E-4
20000|0.0020603|7.8192E-4
20100|0.00206082|7.8159E-4
20200|0.00206133|7.8127E-4
20300|0.00206183|7.8095E-4
20400|0.00206231|7.8062E-4
20500|0.00206279|7.803E-4
20600|0.00206326|7.7998E-4
20700|0.00206372|7.7966E-4
20800|0.00206417|7.7934E-4
20900|0.00206462|7.7902E-4
21000|0.00206505|7.787E-4
21100|0.00206548|7.7839E-4
21200|0.0020659|7.7807E-4
21300|0.00206632|7.7776E-4
21400|0.00206672|7.7745E-4
21500|0.00206713|7.7713E-4
21600|0.00206752|7.7682E-4
21700|0.00206791|7.7652E-4
21800|0.00206829|7.7621E-4
21900|0.00206867|7.7591E-4
22000|0.00206905|7.756E-4
22100|0.00206941|7.753E-4
22200|0.00206978|7.75E-4
22300|0.00207014|7.747E-4
22400|0.00207049|7.7441E-4
22500|0.00207084|7.7411E-4
22600|0.00207119|7.7382E-4
22700|0.00207153|7.7353E-4
22800|0.00207187|7.7324E-4
22900|0.00207221|7.7295E-4
23000|0.00207254|7.7267E-4
23100|0.00207287|7.7239E-4
23200|0.0020732|7.7211E-4
23300|0.00207352|7.7183E-4
23400|0.00207384|7.7155E-4
23500|0.00207416|7.7128E-4
23600|0.00207447|7.7101E-4
23700|0.00207479|7.7074E-4
23800|0.0020751|7.7047E-4
23900|0.0020754|7.702E-4
24000|0.00207571|7.6994E-4
24100|0.00207601|7.6968E-4
24200|0.00207631|7.6942E-4
24300|0.00207661|7.6916E-4
24400|0.00207691|7.6891E-4
24500|0.00207721|7.6866E-4
24600|0.0020775|7.6841E-4
24700|0.0020778|7.6816E-4
24800|0.00207809|7.6791E-4
24900|0.00207838|7.6767E-4
25000|0.00207866|7.6743E-4
25100|0.00207895|7.6719E-4
25200|0.00207923|7.6696E-4
25300|0.00207952|7.6672E-4
25400|0.0020798|7.6649E-4
25500|0.00208008|7.6626E-4
25600|0.00208036|7.6603E-4
25700|0.00208064|7.6581E-4
25800|0.00208091|7.6558E-4
25900|0.00208119|7.6536E-4
26000|0.00208146|7.6514E-4
26100|0.00208173|7.6493E-4
26200|0.00208201|7.6471E-4
26300|0.00208228|7.645E-4
26400|0.00208255|7.6429E-4
26500|0.00208281|7.6408E-4
26600|0.00208308|7.6387E-4
26700|0.00208335|7.6367E-4
26800|0.00208361|7.6346E-4
26900|0.00208387|7.6326E-4
27000|0.00208414|7.6307E-4
27100|0.0020844|7.6287E-4
27200|0.00208466|7.6267E-4
27300|0.00208492|7.6248E-4
27400|0.00208518|7.6229E-4
27500|0.00208543|7.621E-4
27600|0.00208569|7.6191E-4
27700|0.00208595|7.6173E-4
27800|0.0020862|7.6154E-4
27900|0.00208646|7.6136E-4
28000|0.00208671|7.6118E-4
28100|0.00208696|7.61E-4
28200|0.00208721|7.6083E-4
28300|0.00208746|7.6065E-4
28400|0.00208771|7.6048E-4
28500|0.00208796|7.6031E-4
28600|0.00208821|7.6014E-4
28700|0.00208845|7.5997E-4
28800|0.0020887|7.5981E-4
28900|0.00208895|7.5964E-4
29000|0.00208919|7.5948E-4
29100|0.00208944|7.5932E-4
29200|0.00208968|7.5916E-4
29300|0.00208992|7.59E-4
29400|0.00209016|7.5885E-4
29500|0.00209041|7.5869E-4
29600|0.00209065|7.5854E-4
29700|0.00209089|7.5839E-4
29800|0.00209113|7.5824E-4
29900|0.00209137|7.5809E-4
30000|0.00209161|7.5795E-4
30100|0.00209185|7.578E-4
30200|0.00209208|7.5766E-4
30300|0.00209232|7.5752E-4
30400|0.00209256|7.5738E-4
30500|0.0020928|7.5724E-4
30600|0.00209303|7.5711E-4
30700|0.00209327|7.5697E-4
30800|0.00209351|7.5684E-4
30900|0.00209374|7.5671E-4
31000|0.00209398|7.5657E-4
31100|0.00209421|7.5645E-4
31200|0.00209445|7.5632E-4
31300|0.00209468|7.5619E-4
31400|0.00209492|7.5607E-4
31500|0.00209515|7.5594E-4
31600|0.00209539|7.5582E-4
31700|0.00209562|7.557E-4
31800|0.00209586|7.5558E-4
31900|0.00209609|7.5546E-4
32000|0.00209633|7.5535E-4
32100|0.00209656|7.5523E-4
32200|0.0020968|7.5512E-4
32300|0.00209703|7.5501E-4
32400|0.00209727|7.5489E-4
32500|0.0020975|7.5478E-4
32600|0.00209774|7.5467E-4
32700|0.00209797|7.5457E-4
32800|0.00209821|7.5446E-4
32900|0.00209844|7.5435E-4
33000|0.00209868|7.5425E-4
33100|0.00209891|7.5414E-4
33200|0.00209915|7.5404E-4
33300|0.00209938|7.5394E-4
33400|0.00209962|7.5384E-4
33500|0.00209985|7.5374E-4
33600|0.00210009|7.5364E-4
33700|0.00210032|7.5354E-4
33800|0.00210056|7.5344E-4
33900|0.00210079|7.5334E-4
34000|0.00210103|7.5324E-4
34100|0.00210126|7.5315E-4
34200|0.0021015|7.5305E-4
34300|0.00210174|7.5295E-4
34400|0.00210197|7.5286E-4
34500|0.00210221|7.5276E-4
34600|0.00210244|7.5267E-4
34700|0.00210268|7.5257E-4
34800|0.00210291|7.5248E-4
34900|0.00210315|7.5239E-4
35000|0.00210338|7.5229E-4
35100|0.00210362|7.522E-4
35200|0.00210385|7.521E-4
35300|0.00210408|7.5201E-4
35400|0.00210432|7.5191E-4
35500|0.00210455|7.5182E-4
35600|0.00210478|7.5172E-4
35700|0.00210502|7.5163E-4
35800|0.00210525|7.5153E-4
35900|0.00210548|7.5144E-4
36000|0.00210571|7.5134E-4
36100|0.00210594|7.5124E-4
36200|0.00210617|7.5114E-4
36300|0.0021064|7.5104E-4
36400|0.00210662|7.5094E-4
36500|0.00210685|7.5084E-4
36600|0.00210707|7.5074E-4
36700|0.0021073|7.5064E-4
36800|0.00210752|7.5053E-4
36900|0.00210774|7.5042E-4
37000|0.00210796|7.5032E-4
37100|0.00210818|7.5021E-4
37200|0.00210839|7.501E-4
37300|0.00210861|7.4998E-4
37400|0.00210882|7.4987E-4
37500|0.00210903|7.4975E-4
37600|0.00210924|7.4964E-4
37700|0.00210945|7.4951E-4
37800|0.00210965|7.4939E-4
37900|0.00210985|7.4927E-4
38000|0.00211005|7.4914E-4
38100|0.00211025|7.4901E-4
38200|0.00211044|7.4888E-4
38300|0.00211063|7.4874E-4
38400|0.00211082|7.4861E-4
38500|0.002111|7.4846E-4
38600|0.00211118|7.4832E-4
38700|0.00211136|7.4817E-4
38800|0.00211153|7.4802E-4
38900|0.0021117|7.4787E-4
39000|0.00211186|7.4771E-4
39100|0.00211202|7.4755E-4
39200|0.00211218|7.4739E-4
39300|0.00211233|7.4722E-4
39400|0.00211247|7.4705E-4
39500|0.00211261|7.4687E-4
39600|0.00211275|7.4669E-4
39700|0.00211288|7.4651E-4
39800|0.002113|7.4632E-4
39900|0.00211312|7.4612E-4
40000|0.00211323|7.4592E-4
40100|0.00211333|7.4572E-4
40200|0.00211343|7.4551E-4
40300|0.00211352|7.453E-4
40400|0.0021136|7.4508E-4
40500|0.00211368|7.4486E-4
40600|0.00211374|7.4463E-4
40700|0.0021138|7.4439E-4
40800|0.00211385|7.4415E-4
40900|0.00211389|7.4391E-4
41000|0.00211393|7.4365E-4
41100|0.00211395|7.4339E-4
41200|0.00211396|7.4313E-4
41300|0.00211397|7.4286E-4
41400|0.00211396|7.4258E-4
41500|0.00211394|7.423E-4
41600|0.00211391|7.4201E-4
41700|0.00211387|7.4171E-4
41800|0.00211382|7.414E-4
41900|0.00211376|7.4109E-4
42000|0.00211368|7.4077E-4
42100|0.00211359|7.4045E-4
42200|0.00211349|7.4011E-4
42300|0.00211337|7.3977E-4
42400|0.00211324|7.3942E-4
42500|0.0021131|7.3907E-4
42600|0.00211294|7.387E-4
42700|0.00211277|7.3833E-4
42800|0.00211258|7.3795E-4
42900|0.00211237|7.3756E-4
43000|0.00211215|7.3717E-4
43100|0.00211191|7.3676E-4
43200|0.00211165|7.3635E-4
43300|0.00211138|7.3593E-4
43400|0.00211109|7.355E-4
43500|0.00211077|7.3507E-4
43600|0.00211044|7.3462E-4
43700|0.0021101|7.3417E-4
43800|0.00210973|7.3371E-4
43900|0.00210934|7.3324E-4
44000|0.00210893|7.3276E-4
44100|0.0021085|7.3228E-4
44200|0.00210804|7.3178E-4
44300|0.00210757|7.3128E-4
44400|0.00210707|7.3077E-4
44500|0.00210655|7.3026E-4
44600|0.00210601|7.2973E-4
44700|0.00210544|7.292E-4
44800|0.00210485|7.2866E-4
44900|0.00210423|7.2812E-4
45000|0.00210359|7.2756E-4
45100|0.00210292|7.27E-4
45200|0.00210223|7.2644E-4
45300|0.00210151|7.2587E-4
45400|0.00210077|7.2529E-4
45500|0.0021|7.247E-4
45600|0.0020992|7.2411E-4
45700|0.00209837|7.2351E-4
45800|0.00209752|7.2291E-4
45900|0.00209663|7.223E-4
46000|0.00209572|7.2169E-4
46100|0.00209478|7.2107E-4
46200|0.00209381|7.2044E-4
46300|0.00209282|7.1982E-4
46400|0.00209179|7.1918E-4
46500|0.00209073|7.1855E-4
46600|0.00208964|7.179E-4
46700|0.00208852|7.1726E-4
46800|0.00208738|7.1661E-4
46900|0.0020862|7.1595E-4
47000|0.00208499|7.153E-4
47100|0.00208375|7.1463E-4
47200|0.00208248|7.1397E-4
47300|0.00208118|7.133E-4
47400|0.00207986|7.1263E-4
47500|0.0020785|7.1195E-4
47600|0.00207711|7.1127E-4
47700|0.00207569|7.1059E-4
47800|0.00207425|7.099E-4
47900|0.00207278|7.0921E-4
48000|0.00207128|7.0852E-4
48100|0.00206975|7.0782E-4
48200|0.0020682|7.0712E-4
48300|0.00206662|7.0642E-4
48400|0.00206502|7.0571E-4
48500|0.0020634|7.05E-4
48600|0.00206175|7.0429E-4
48700|0.00206009|7.0357E-4
48800|0.0020584|7.0286E-4
48900|0.0020567|7.0214E-4
49000|0.00205497|7.0141E-4
49100|0.00205324|7.0069E-4
49200|0.00205148|6.9997E-4
49300|0.00204972|6.9924E-4
49400|0.00204794|6.9851E-4
49500|0.00204615|6.9779E-4
49600|0.00204435|6.9706E-4
49700|0.00204255|6.9633E-4
49800|0.00204073|6.956E-4
49900|0.00203892|6.9487E-4
