0|0.15833632|0.15375337
100|0.00226444|0.00563445
200|0.00244006|0.00372061
300|0.00253672|0.00358442
400|0.00255925|0.00350624
500|0.00256035|0.00342118
600|0.00255432|0.00331266
700|0.00254743|0.00317693
800|0.00253844|0.00301439
900|0.00252404|0.0028275
1000|0.0025026|0.00262304
1100|0.00247436|0.00241186
1200|0.00244126|0.00220597
1300|0.0024068|0.0020155
1400|0.00237467|0.00184675
1500|0.00234753|0.00170201
1600|0.00232641|0.00158057
1700|0.00231092|0.00148007
1800|0.00229968|0.00139756
1900|0.00229086|0.00132999
2000|0.00228261|0.00127452
2100|0.00227341|0.00122864
2200|0.00226223|0.00119022
2300|0.00224858|0.00115753
2400|0.00223241|0.00112921
2500|0.00221399|0.00110422
2600|0.00219382|0.00108182
2700|0.00217247|0.00106149
2800|0.00215053|0.00104286
2900|0.00212851|0.0010257
3000|0.0021068|0.00100983
3100|0.00208572|9.9514E-4
3200|0.00206545|9.8153E-4
3300|0.00204609|9.6892E-4
3400|0.0020277|9.5721E-4
3500|0.00201025|9.4634E-4
3600|0.00199371|9.3622E-4
3700|0.00197803|9.2679E-4
3800|0.00196317|9.1796E-4
3900|0.00194906|9.0968E-4
4000|0.00193566|9.0189E-4
4100|0.00192293|8.9453E-4
4200|0.00191084|8.8756E-4
4300|0.00189937|8.8094E-4
4400|0.0018885|8.7464E-4
4500|0.00187821|8.6862E-4
4600|0.0018685|8.6287E-4
4700|0.00185936|8.5736E-4
4800|0.00185078|8.5208E-4
4900|0.00184274|8.4702E-4
5000|0.00183526|8.4215E-4
5100|0.0018283|8.3748E-4
5200|0.00182187|8.3298E-4
5300|0.00181595|8.2866E-4
5400|0.00181051|8.2451E-4
5500|0.00180555|8.2051E-4
5600|0.00180103|8.1666E-4
5700|0.00179695|8.1296E-4
5800|0.00179327|8.0939E-4
5900|0.00178998|8.0596E-4
6000|0.00178704|8.0264E-4
6100|0.00178444|7.9945E-4
6200|0.00178215|7.9637E-4
6300|0.00178015|7.9339E-4
6400|0.00177841|7.9051E-4
6500|0.00177692|7.8773E-4
6600|0.00177564|7.8503E-4
6700|0.00177456|7.8242E-4
6800|0.00177366|7.7989E-4
6900|0.00177292|7.7743E-4
7000|0.00177233|7.7504E-4
7100|0.00177187|7.7272E-4
7200|0.00177152|7.7046E-4
7300|0.00177126|7.6825E-4
7400|0.0017711|7.661E-4
7500|0.00177101|7.64E-4
7600|0.00177099|7.6195E-4
7700|0.00177102|7.5994E-4
7800|0.0017711|7.5797E-4
7900|0.00177122|7.5604E-4
8000|0.00177137|7.5415E-4
8100|0.00177154|7.5229E-4
8200|0.00177173|7.5047E-4
8300|0.00177194|7.4867E-4
8400|0.00177216|7.4691E-4
8500|0.00177238|7.4517E-4
8600|0.00177261|7.4346E-4
8700|0.00177283|7.4177E-4
8800|0.00177305|7.401E-4
8900|0.00177327|7.3846E-4
9000|0.00177347|7.3684E-4
9100|0.00177367|7.3523E-4
9200|0.00177386|7.3365E-4
9300|0.00177404|7.3208E-4
9400|0.0017742|7.3053E-4
9500|0.00177435|7.2899E-4
9600|0.00177449|7.2747E-4
9700|0.00177461|7.2596E-4
9800|0.00177472|7.2447E-4
9900|0.00177482|7.2298E-4
10000|0.0017749|7.2152E-4
10100|0.00177496|7.2006E-4
10200|0.00177502|7.1861E-4
10300|0.00177506|7.1718E-4
10400|0.00177508|7.1576E-4
10500|0.0017751|7.1434E-4
10600|0.0017751|7.1294E-4
10700|0.00177509|7.1154E-4
10800|0.00177507|7.1016E-4
10900|0.00177504|7.0878E-4
11000|0.001775|7.0741E-4
11100|0.00177495|7.0605E-4
11200|0.0017749|7.047E-4
11300|0.00177483|7.0336E-4
11400|0.00177476|7.0202E-4
11500|0.00177469|7.0069E-4
11600|0.00177461|6.9937E-4
11700|0.00177452|6.9806E-4
11800|0.00177444|6.9675E-4
11900|0.00177435|6.9546E-4
12000|0.00177425|6.9417E-4
12100|0.00177416|6.9289E-4
12200|0.00177407|6.9161E-4
12300|0.00177398|6.9035E-4
12400|0.00177388|6.8909E-4
12500|0.00177379|6.8784E-4
12600|0.00177371|6.866E-4
12700|0.00177362|6.8537E-4
12800|0.00177354|6.8414E-4
12900|0.00177346|6.8293E-4
13000|0.00177339|6.8172E-4
13100|0.00177333|6.8053E-4
13200|0.00177327|6.7934E-4
13300|0.00177321|6.7816E-4
13400|0.00177316|6.7699E-4
13500|0.00177312|6.7583E-4
13600|0.00177309|6.7468E-4
13700|0.00177306|6.7354E-4
13800|0.00177305|6.7241E-4
13900|0.00177304|6.713E-4
14000|0.00177304|6.7019E-4
14100|0.00177305|6.6909E-4
14200|0.00177307|6.6801E-4
14300|0.00177309|6.6693E-4
14400|0.00177313|6.6587E-4
14500|0.00177317|6.6482E-4
14600|0.00177323|6.6378E-4
14700|0.00177329|6.6275E-4
14800|0.00177336|6.6173E-4
14900|0.00177344|6.6073E-4
15000|0.00177353|6.5973E-4
15100|0.00177363|6.5875E-4
15200|0.00177374|6.5778E-4
15300|0.00177385|6.5682E-4
15400|0.00177398|6.5588E-4
15500|0.00177411|6.5494E-4
15600|0.00177425|6.5402E-4
15700|0.0017744|6.531E-4
15800|0.00177455|6.522E-4
15900|0.00177471|6.5131E-4
16000|0.00177488|6.5043E-4
16100|0.00177505|6.4957E-4
16200|0.00177523|6.4871E-4
16300|0.00177541|6.4786E-4
16400|0.0017756|6.4703E-4
16500|0.00177579|6.462E-4
16600|0.00177599|6.4539E-4
16700|0.00177619|6.4458E-4
16800|0.0017764|6.4379E-4
16900|0.00177661|6.43E-4
17000|0.00177682|6.4223E-4
17100|0.00177703|6.4146E-4
17200|0.00177725|6.407E-4
17300|0.00177746|6.3995E-4
17400|0.00177768|6.3922E-4
17500|0.0017779|6.3849E-4
17600|0.00177813|6.3776E-4
17700|0.00177835|6.3705E-4
17800|0.00177857|6.3634E-4
17900|0.00177879|6.3565E-4
18000|0.00177902|6.3496E-4
18100|0.00177924|6.3427E-4
18200|0.00177946|6.336E-4
18300|0.00177968|6.3293E-4
18400|0.0017799|6.3227E-4
18500|0.00178012|6.3162E-4
18600|0.00178033|6.3097E-4
18700|0.00178055|6.3033E-4
18800|0.00178076|6.297E-4
18900|0.00178097|6.2907E-4
19000|0.00178118|6.2845E-4
19100|0.00178139|6.2784E-4
19200|0.00178159|6.2723E-4
19300|0.00178179|6.2662E-4
19400|0.00178199|6.2603E-4
19500|0.00178219|6.2543E-4
19600|0.00178238|6.2485E-4
19700|0.00178257|6.2427E-4
19800|0.00178276|6.2369E-4
19900|0.00178295|6.2312E-4
20000|0.00178313|6.2255E-4
20100|0.00178331|6.2199E-4
20200|0.00178348|6.2144E-4
20300|0.00178366|6.2089E-4
20400|0.00178382|6.2034E-4
20500|0.00178399|6.198E-4
20600|0.00178415|6.1926E-4
20700|0.00178431|6.1873E-4
20800|0.00178447|6.182E-4
20900|0.00178462|6.1767E-4
21000|0.00178477|6.1715E-4
21100|0.00178492|6.1663E-4
21200|0.00178506|6.1612E-4
21300|0.0017852|6.1561E-4
21400|0.00178533|6.1511E-4
21500|0.00178547|6.1461E-4
21600|0.0017856|6.1411E-4
21700|0.00178572|6.1361E-4
21800|0.00178585|6.1312E-4
21900|0.00178597|6.1264E-4
22000|0.00178608|6.1215E-4
22100|0.0017862|6.1167E-4
22200|0.00178631|6.112E-4
22300|0.00178641|6.1073E-4
22400|0.00178652|6.1026E-4
22500|0.00178662|6.0979E-4
22600|0.00178671|6.0933E-4
22700|0.00178681|6.0887E-4
22800|0.0017869|6.0841E-4
22900|0.00178699|6.0796E-4
23000|0.00178707|6.0751E-4
23100|0.00178716|6.0706E-4
23200|0.00178723|6.0661E-4
23300|0.00178731|6.0617E-4
23400|0.00178738|6.0573E-4
23500|0.00178745|6.053E-4
23600|0.00178752|6.0486E-4
23700|0.00178759|6.0443E-4
23800|0.00178765|6.04E-4
23900|0.00178771|6.0358E-4
24000|0.00178776|6.0316E-4
24100|0.00178781|6.0274E-4
24200|0.00178786|6.0232E-4
24300|0.00178791|6.019E-4
24400|0.00178796|6.0149E-4
24500|0.001788|6.0108E-4
24600|0.00178804|6.0067E-4
24700|0.00178807|6.0027E-4
24800|0.00178811|5.9987E-4
24900|0.00178814|5.9947E-4
25000|0.00178816|5.9907E-4
25100|0.00178819|5.9867E-4
25200|0.00178821|5.9828E-4
25300|0.00178823|5.9789E-4
25400|0.00178825|5.975E-4
25500|0.00178826|5.9711E-4
25600|0.00178827|5.9673E-4
25700|0.00178828|5.9635E-4
25800|0.00178829|5.9597E-4
25900|0.00178829|5.9559E-4
26000|0.00178829|5.9521E-4
26100|0.00178829|5.9484E-4
26200|0.00178829|5.9447E-4
26300|0.00178828|5.941E-4
26400|0.00178827|5.9373E-4
26500|0.00178826|5.9336E-4
26600|0.00178825|5.93E-4
26700|0.00178823|5.9263E-4
26800|0.00178821|5.9227E-4
26900|0.00178819|5.9191E-4
27000|0.00178816|5.9156E-4
27100|0.00178813|5.912E-4
27200|0.0017881|5.9085E-4
27300|0.00178807|5.905E-4
27400|0.00178803|5.9015E-4
27500|0.001788|5.898E-4
27600|0.00178796|5.8945E-4
27700|0.00178791|5.8911E-4
27800|0.00178787|5.8876E-4
27900|0.00178782|5.8842E-4
28000|0.00178777|5.8808E-4
28100|0.00178771|5.8774E-4
28200|0.00178766|5.8741E-4
28300|0.0017876|5.8707E-4
28400|0.00178754|5.8674E-4
28500|0.00178748|5.864E-4
28600|0.00178741|5.8607E-4
28700|0.00178734|5.8574E-4
28800|0.00178727|5.8541E-4
28900|0.0017872|5.8508E-4
29000|0.00178712|5.8476E-4
29100|0.00178705|5.8443E-4
29200|0.00178696|5.8411E-4
29300|0.00178688|5.8379E-4
29400|0.0017868|5.8347E-4
29500|0.00178671|5.8315E-4
29600|0.00178662|5.8283E-4
29700|0.00178653|5.8251E-4
29800|0.00178643|5.822E-4
29900|0.00178633|5.8188E-4
30000|0.00178623|5.8157E-4
30100|0.00178613|5.8126E-4
30200|0.00178603|5.8095E-4
30300|0.00178592|5.8064E-4
30400|0.00178581|5.8033E-4
30500|0.0017857|5.8002E-4
30600|0.00178559|5.7971E-4
30700|0.00178547|5.7941E-4
30800|0.00178535|5.791E-4
30900|0.00178523|5.788E-4
31000|0.00178511|5.785E-4
31100|0.00178498|5.7819E-4
31200|0.00178486|5.7789E-4
31300|0.00178473|5.7759E-4
31400|0.0017846|5.7729E-4
31500|0.00178446|5.77E-4
31600|0.00178433|5.767E-4
31700|0.00178419|5.764E-4
31800|0.00178405|5.7611E-4
31900|0.00178391|5.7581E-4
32000|0.00178376|5.7552E-4
32100|0.00178361|5.7523E-4
32200|0.00178347|5.7493E-4
32300|0.00178332|5.7464E-4
32400|0.00178316|5.7435E-4
32500|0.00178301|5.7406E-4
32600|0.00178285|5.7378E-4
32700|0.00178269|5.7349E-4
32800|0.00178253|5.732E-4
32900|0.00178237|5.7291E-4
33000|0.0017822|5.7263E-4
33100|0.00178204|5.7234E-4
33200|0.00178187|5.7206E-4
33300|0.0017817|5.7177E-4
33400|0.00178153|5.7149E-4
33500|0.00178135|5.7121E-4
33600|0.00178118|5.7093E-4
33700|0.001781|5.7065E-4
33800|0.00178082|5.7037E-4
33900|0.00178064|5.7009E-4
34000|0.00178045|5.6981E-4
34100|0.00178027|5.6953E-4
34200|0.00178008|5.6925E-4
34300|0.00177989|5.6897E-4
34400|0.0017797|5.687E-4
34500|0.00177951|5.6842E-4
34600|0.00177932|5.6815E-4
34700|0.00177912|5.6787E-4
34800|0.00177892|5.676E-4
34900|0.00177873|5.6732E-4
35000|0.00177853|5.6705E-4
35100|0.00177832|5.6678E-4
35200|0.00177812|5.6651E-4
35300|0.00177791|5.6623E-4
35400|0.00177771|5.6596E-4
35500|0.0017775|5.6569E-4
35600|0.00177729|5.6542E-4
35700|0.00177708|5.6515E-4
35800|0.00177687|5.6489E-4
35900|0.00177665|5.6462E-4
36000|0.00177644|5.6435E-4
36100|0.00177622|5.6408E-4
36200|0.001776|5.6382E-4
36300|0.00177578|5.6355E-4
36400|0.00177556|5.6328E-4
36500|0.00177534|5.6302E-4
36600|0.00177511|5.6275E-4
36700|0.00177489|5.6249E-4
36800|0.00177466|5.6223E-4
36900|0.00177443|5.6196E-4
37000|0.0017742|5.617E-4
37100|0.00177397|5.6144E-4
37200|0.00177374|5.6118E-4
37300|0.00177351|5.6091E-4
37400|0.00177327|5.6065E-4
37500|0.00177304|5.6039E-4
37600|0.0017728|5.6013E-4
37700|0.00177256|5.5987E-4
37800|0.00177232|5.5961E-4
37900|0.00177208|5.5936E-4
38000|0.00177184|5.591E-4
38100|0.0017716|5.5884E-4
38200|0.00177136|5.5858E-4
38300|0.00177111|5.5833E-4
38400|0.00177087|5.5807E-4
38500|0.00177062|5.5781E-4
38600|0.00177037|5.5756E-4
38700|0.00177012|5.573E-4
38800|0.00176987|5.5705E-4
38900|0.00176962|5.5679E-4
39000|0.00176937|5.5654E-4
39100|0.00176912|5.5629E-4
39200|0.00176886|5.5603E-4
39300|0.00176861|5.5578E-4
39400|0.00176836|5.5553E-4
39500|0.0017681|5.5528E-4
39600|0.00176784|5.5503E-4
39700|0.00176758|5.5478E-4
39800|0.00176733|5.5453E-4
39900|0.00176707|5.5428E-4
40000|0.00176681|5.5403E-4
40100|0.00176655|5.5378E-4
40200|0.00176628|5.5353E-4
40300|0.00176602|5.5328E-4
40400|0.00176576|5.5304E-4
40500|0.0017655|5.5279E-4
40600|0.00176523|5.5254E-4
40700|0.00176497|5.523E-4
40800|0.0017647|5.5205E-4
40900|0.00176444|5.5181E-4
41000|0.00176417|5.5156E-4
41100|0.0017639|5.5132E-4
41200|0.00176363|5.5107E-4
41300|0.00176337|5.5083E-4
41400|0.0017631|5.5059E-4
41500|0.00176283|5.5034E-4
41600|0.00176256|5.501E-4
41700|0.00176229|5.4986E-4
41800|0.00176202|5.4962E-4
41900|0.00176175|5.4938E-4
42000|0.00176147|5.4914E-4
42100|0.0017612|5.489E-4
42200|0.00176093|5.4866E-4
42300|0.00176066|5.4842E-4
42400|0.00176039|5.4818E-4
42500|0.00176011|5.4795E-4
42600|0.00175984|5.4771E-4
42700|0.00175956|5.4747E-4
42800|0.00175929|5.4723E-4
42900|0.00175902|5.47E-4
43000|0.00175874|5.4676E-4
43100|0.00175847|5.4653E-4
43200|0.00175819|5.4629E-4
43300|0.00175792|5.4606E-4
43400|0.00175764|5.4582E-4
43500|0.00175737|5.4559E-4
43600|0.00175709|5.4536E-4
43700|0.00175681|5.4513E-4
43800|0.00175654|5.4489E-4
43900|0.00175626|5.4466E-4
44000|0.00175599|5.4443E-4
44100|0.00175571|5.442E-4
44200|0.00175544|5.4397E-4
44300|0.00175516|5.4374E-4
44400|0.00175488|5.4351E-4
44500|0.00175461|5.4328E-4
44600|0.00175433|5.4305E-4
44700|0.00175406|5.4283E-4
44800|0.00175378|5.426E-4
44900|0.0017535|5.4237E-4
45000|0.00175323|5.4215E-4
45100|0.00175295|5.4192E-4
45200|0.00175268|5.4169E-4
45300|0.0017524|5.4147E-4
45400|0.00175212|5.4124E-4
45500|0.00175185|5.4102E-4
45600|0.00175157|5.408E-4
45700|0.0017513|5.4057E-4
45800|0.00175102|5.4035E-4
45900|0.00175075|5.4013E-4
46000|0.00175048|5.3991E-4
46100|0.0017502|5.3968E-4
46200|0.00174993|5.3946E-4
46300|0.00174965|5.3924E-4
46400|0.00174938|5.3902E-4
46500|0.00174911|5.388E-4
46600|0.00174883|5.3858E-4
46700|0.00174856|5.3837E-4
46800|0.00174829|5.3815E-4
46900|0.00174802|5.3793E-4
47000|0.00174775|5.3771E-4
47100|0.00174747|5.3749E-4
47200|0.0017472|5.3728E-4
47300|0.00174693|5.3706E-4
47400|0.00174666|5.3685E-4
47500|0.00174639|5.3663E-4
47600|0.00174612|5.3642E-4
47700|0.00174585|5.362E-4
47800|0.00174558|5.3599E-4
47900|0.00174532|5.3578E-4
48000|0.00174505|5.3556E-4
48100|0.00174478|5.3535E-4
48200|0.00174451|5.3514E-4
48300|0.00174425|5.3493E-4
48400|0.00174398|5.3472E-4
48500|0.00174371|5.3451E-4
48600|0.00174345|5.343E-4
48700|0.00174318|5.3409E-4
48800|0.00174292|5.3388E-4
48900|0.00174265|5.3367E-4
49000|0.00174239|5.3346E-4
49100|0.00174213|5.3325E-4
49200|0.00174186|5.3304E-4
49300|0.0017416|5.3284E-4
49400|0.00174134|5.3263E-4
49500|0.00174108|5.3242E-4
49600|0.00174082|5.3222E-4
49700|0.00174056|5.3201E-4
49800|0.0017403|5.3181E-4
49900|0.00174004|5.316E-4
