0|0.09708729|0.09564235
100|0.00302618|0.00801714
200|0.00225324|0.00390428
300|0.00248216|0.00364996
400|0.00252912|0.00354953
500|0.00253847|0.00345331
600|0.00254024|0.00333123
700|0.00254868|0.00317777
800|0.00256542|0.00300029
900|0.00258402|0.00280926
1000|0.0025954|0.00261257
1100|0.0025929|0.00241623
1200|0.00257463|0.00222616
1300|0.00254322|0.00204834
1400|0.00250401|0.00188775
1500|0.00246275|0.00174723
1600|0.00242375|0.00162713
1700|0.00238917|0.00152594
1800|0.00235937|0.00144122
1900|0.00233357|0.00137028
2000|0.00231053|0.00131062
2100|0.00228895|0.00126004
2200|0.00226779|0.00121668
2300|0.0022463|0.00117902
2400|0.00222411|0.00114587
2500|0.00220112|0.0011163
2600|0.00217749|0.00108962
2700|0.00215352|0.00106535
2800|0.00212959|0.00104316
2900|0.00210607|0.00102282
3000|0.0020833|0.00100416
3100|0.00206152|9.8705E-4
3200|0.00204089|9.7139E-4
3300|0.00202151|9.5705E-4
3400|0.00200338|9.4394E-4
3500|0.00198645|9.3193E-4
3600|0.00197066|9.2092E-4
3700|0.0019559|9.1078E-4
3800|0.00194208|9.0141E-4
3900|0.00192912|8.9272E-4
4000|0.00191692|8.8461E-4
4100|0.00190542|8.7701E-4
4200|0.00189456|8.6985E-4
4300|0.00188428|8.6308E-4
4400|0.00187455|8.5663E-4
4500|0.00186534|8.5049E-4
4600|0.00185661|8.446E-4
4700|0.00184834|8.3895E-4
4800|0.00184051|8.3352E-4
4900|0.0018331|8.2828E-4
5000|0.0018261|8.2322E-4
5100|0.00181948|8.1834E-4
5200|0.00181323|8.1361E-4
5300|0.00180733|8.0904E-4
5400|0.00180177|8.046E-4
5500|0.00179654|8.0031E-4
5600|0.00179161|7.9615E-4
5700|0.00178699|7.9212E-4
5800|0.00178264|7.8822E-4
5900|0.00177857|7.8443E-4
6000|0.00177475|7.8076E-4
6100|0.00177118|7.7721E-4
6200|0.00176784|7.7376E-4
6300|0.00176472|7.7042E-4
6400|0.0017618|7.6717E-4
6500|0.00175909|7.6403E-4
6600|0.00175656|7.6098E-4
6700|0.00175421|7.5802E-4
6800|0.00175202|7.5514E-4
6900|0.00174998|7.5235E-4
7000|0.00174809|7.4963E-4
7100|0.00174633|7.4699E-4
7200|0.00174469|7.4442E-4
7300|0.00174316|7.4192E-4
7400|0.00174174|7.3949E-4
7500|0.00174042|7.3711E-4
7600|0.00173918|7.3479E-4
7700|0.00173801|7.3253E-4
7800|0.00173692|7.3032E-4
7900|0.0017359|7.2816E-4
8000|0.00173493|7.2604E-4
8100|0.00173401|7.2397E-4
8200|0.00173313|7.2194E-4
8300|0.0017323|7.1996E-4
8400|0.0017315|7.18E-4
8500|0.00173072|7.1609E-4
8600|0.00172998|7.1421E-4
8700|0.00172925|7.1236E-4
8800|0.00172855|7.1054E-4
8900|0.00172786|7.0875E-4
9000|0.00172718|7.0698E-4
9100|0.00172651|7.0525E-4
9200|0.00172584|7.0354E-4
9300|0.00172518|7.0185E-4
9400|0.00172453|7.0018E-4
9500|0.00172388|6.9854E-4
9600|0.00172322|6.9692E-4
9700|0.00172257|6.9532E-4
9800|0.00172192|6.9374E-4
9900|0.00172126|6.9217E-4
10000|0.0017206|6.9063E-4
10100|0.00171993|6.891E-4
10200|0.00171926|6.8759E-4
10300|0.00171859|6.8609E-4
10400|0.00171791|6.8461E-4
10500|0.00171722|6.8315E-4
10600|0.00171653|6.817E-4
10700|0.00171584|6.8026E-4
10800|0.00171513|6.7884E-4
10900|0.00171442|6.7743E-4
11000|0.00171371|6.7604E-4
11100|0.00171299|6.7465E-4
11200|0.00171227|6.7329E-4
11300|0.00171153|6.7193E-4
11400|0.0017108|6.7058E-4
11500|0.00171006|6.6925E-4
11600|0.00170931|6.6793E-4
11700|0.00170856|6.6662E-4
11800|0.00170781|6.6532E-4
11900|0.00170705|6.6403E-4
12000|0.00170628|6.6275E-4
12100|0.00170552|6.6148E-4
12200|0.00170475|6.6022E-4
12300|0.00170397|6.5898E-4
12400|0.0017032|6.5774E-4
12500|0.00170242|6.5651E-4
12600|0.00170164|6.5529E-4
12700|0.00170085|6.5409E-4
12800|0.00170007|6.5289E-4
12900|0.00169928|6.517E-4
13000|0.00169849|6.5052E-4
13100|0.0016977|6.4935E-4
13200|0.00169691|6.4819E-4
13300|0.00169612|6.4704E-4
13400|0.00169533|6.4589E-4
13500|0.00169454|6.4476E-4
13600|0.00169376|6.4364E-4
13700|0.00169297|6.4252E-4
13800|0.00169218|6.4141E-4
13900|0.00169139|6.4032E-4
14000|0.0016906|6.3923E-4
14100|0.00168982|6.3815E-4
14200|0.00168904|6.3707E-4
14300|0.00168825|6.3601E-4
14400|0.00168747|6.3496E-4
14500|0.0016867|6.3391E-4
14600|0.00168592|6.3287E-4
14700|0.00168515|6.3184E-4
14800|0.00168438|6.3082E-4
14900|0.00168361|6.2981E-4
15000|0.00168284|6.2881E-4
15100|0.00168208|6.2781E-4
15200|0.00168132|6.2683E-4
15300|0.00168057|6.2585E-4
15400|0.00167981|6.2488E-4
15500|0.00167906|6.2392E-4
15600|0.00167831|6.2297E-4
15700|0.00167757|6.2202E-4
15800|0.00167683|6.2109E-4
15900|0.00167609|6.2016E-4
16000|0.00167536|6.1924E-4
16100|0.00167463|6.1833E-4
16200|0.0016739|6.1743E-4
16300|0.00167317|6.1654E-4
16400|0.00167245|6.1565E-4
16500|0.00167173|6.1477E-4
16600|0.00167102|6.139E-4
16700|0.00167031|6.1304E-4
16800|0.0016696|6.1219E-4
16900|0.0016689|6.1134E-4
17000|0.00166819|6.105E-4
17100|0.00166749|6.0968E-4
17200|0.0016668|6.0885E-4
17300|0.00166611|6.0804E-4
17400|0.00166542|6.0723E-4
17500|0.00166473|6.0644E-4
17600|0.00166404|6.0565E-4
17700|0.00166336|6.0486E-4
17800|0.00166268|6.0409E-4
17900|0.00166201|6.0332E-4
18000|0.00166133|6.0256E-4
18100|0.00166066|6.0181E-4
18200|0.00165999|6.0106E-4
18300|0.00165932|6.0032E-4
18400|0.00165866|5.9959E-4
18500|0.00165799|5.9887E-4
18600|0.00165733|5.9815E-4
18700|0.00165667|5.9744E-4
18800|0.00165601|5.9674E-4
18900|0.00165536|5.9604E-4
19000|0.0016547|5.9535E-4
19100|0.00165405|5.9467E-4
19200|0.00165339|5.9399E-4
19300|0.00165274|5.9333E-4
19400|0.00165209|5.9266E-4
19500|0.00165144|5.9201E-4
19600|0.00165079|5.9136E-4
19700|0.00165015|5.9071E-4
19800|0.0016495|5.9007E-4
19900|0.00164885|5.8944E-4
20000|0.00164821|5.8882E-4
20100|0.00164756|5.882E-4
20200|0.00164692|5.8758E-4
20300|0.00164627|5.8697E-4
20400|0.00164563|5.8637E-4
20500|0.00164499|5.8577E-4
20600|0.00164434|5.8518E-4
20700|0.0016437|5.846E-4
20800|0.00164305|5.8402E-4
20900|0.00164241|5.8344E-4
21000|0.00164177|5.8287E-4
21100|0.00164112|5.823E-4
21200|0.00164048|5.8174E-4
21300|0.00163984|5.8119E-4
21400|0.00163919|5.8064E-4
21500|0.00163855|5.8009E-4
21600|0.0016379|5.7955E-4
21700|0.00163725|5.7901E-4
21800|0.00163661|5.7848E-4
21900|0.00163596|5.7796E-4
22000|0.00163531|5.7743E-4
22100|0.00163467|5.7691E-4
22200|0.00163402|5.764E-4
22300|0.00163337|5.7589E-4
22400|0.00163272|5.7538E-4
22500|0.00163207|5.7488E-4
22600|0.00163142|5.7438E-4
22700|0.00163077|5.7389E-4
22800|0.00163011|5.734E-4
22900|0.00162946|5.7291E-4
23000|0.00162881|5.7243E-4
23100|0.00162815|5.7195E-4
23200|0.0016275|5.7147E-4
23300|0.00162684|5.71E-4
23400|0.00162618|5.7053E-4
23500|0.00162553|5.7007E-4
23600|0.00162487|5.6961E-4
23700|0.00162421|5.6915E-4
23800|0.00162355|5.6869E-4
23900|0.00162289|5.6824E-4
24000|0.00162223|5.6779E-4
24100|0.00162157|5.6734E-4
24200|0.00162091|5.669E-4
24300|0.00162024|5.6646E-4
24400|0.00161958|5.6602E-4
24500|0.00161892|5.6559E-4
24600|0.00161825|5.6516E-4
24700|0.00161759|5.6473E-4
24800|0.00161693|5.643E-4
24900|0.00161626|5.6388E-4
25000|0.0016156|5.6345E-4
25100|0.00161493|5.6304E-4
25200|0.00161427|5.6262E-4
25300|0.0016136|5.6221E-4
25400|0.00161294|5.6179E-4
25500|0.00161227|5.6138E-4
25600|0.00161161|5.6098E-4
25700|0.00161094|5.6057E-4
25800|0.00161028|5.6017E-4
25900|0.00160961|5.5977E-4
26000|0.00160895|5.5937E-4
26100|0.00160828|5.5898E-4
26200|0.00160762|5.5858E-4
26300|0.00160696|5.5819E-4
26400|0.00160629|5.578E-4
26500|0.00160563|5.5741E-4
26600|0.00160497|5.5703E-4
26700|0.00160431|5.5664E-4
26800|0.00160365|5.5626E-4
26900|0.00160299|5.5588E-4
27000|0.00160234|5.555E-4
27100|0.00160168|5.5512E-4
27200|0.00160102|5.5475E-4
27300|0.00160037|5.5437E-4
27400|0.00159972|5.54E-4
27500|0.00159907|5.5363E-4
27600|0.00159842|5.5326E-4
27700|0.00159777|5.529E-4
27800|0.00159712|5.5253E-4
27900|0.00159647|5.5217E-4
28000|0.00159583|5.518E-4
28100|0.00159519|5.5144E-4
28200|0.00159455|5.5108E-4
28300|0.00159391|5.5073E-4
28400|0.00159328|5.5037E-4
28500|0.00159264|5.5001E-4
28600|0.00159201|5.4966E-4
28700|0.00159138|5.4931E-4
28800|0.00159075|5.4896E-4
28900|0.00159013|5.4861E-4
29000|0.00158951|5.4826E-4
29100|0.00158889|5.4791E-4
29200|0.00158827|5.4757E-4
29300|0.00158766|5.4722E-4
29400|0.00158704|5.4688E-4
29500|0.00158644|5.4654E-4
29600|0.00158583|5.462E-4
29700|0.00158523|5.4586E-4
29800|0.00158463|5.4552E-4
29900|0.00158403|5.4519E-4
30000|0.00158344|5.4485E-4
30100|0.00158285|5.4452E-4
30200|0.00158226|5.4418E-4
30300|0.00158168|5.4385E-4
30400|0.0015811|5.4352E-4
30500|0.00158052|5.4319E-4
30600|0.00157994|5.4286E-4
30700|0.00157937|5.4254E-4
30800|0.00157881|5.4221E-4
30900|0.00157824|5.4189E-4
31000|0.00157769|5.4156E-4
31100|0.00157713|5.4124E-4
31200|0.00157658|5.4092E-4
31300|0.00157603|5.406E-4
31400|0.00157548|5.4028E-4
31500|0.00157494|5.3996E-4
31600|0.00157441|5.3964E-4
31700|0.00157387|5.3933E-4
31800|0.00157334|5.3901E-4
31900|0.00157282|5.387E-4
32000|0.0015723|5.3838E-4
32100|0.00157178|5.3807E-4
32200|0.00157127|5.3776E-4
32300|0.00157076|5.3745E-4
32400|0.00157025|5.3714E-4
32500|0.00156975|5.3683E-4
32600|0.00156925|5.3653E-4
32700|0.00156876|5.3622E-4
32800|0.00156827|5.3591E-4
32900|0.00156779|5.3561E-4
33000|0.00156731|5.3531E-4
33100|0.00156683|5.35E-4
33200|0.00156636|5.347E-4
33300|0.00156589|5.344E-4
33400|0.00156542|5.341E-4
33500|0.00156496|5.338E-4
33600|0.0015645|5.335E-4
33700|0.00156405|5.3321E-4
33800|0.0015636|5.3291E-4
33900|0.00156316|5.3261E-4
34000|0.00156272|5.3232E-4
34100|0.00156228|5.3202E-4
34200|0.00156185|5.3173E-4
34300|0.00156142|5.3144E-4
34400|0.00156099|5.3114E-4
34500|0.00156057|5.3085E-4
34600|0.00156015|5.3056E-4
34700|0.00155974|5.3027E-4
34800|0.00155933|5.2998E-4
34900|0.00155893|5.297E-4
35000|0.00155852|5.2941E-4
35100|0.00155813|5.2912E-4
35200|0.00155773|5.2883E-4
35300|0.00155734|5.2855E-4
35400|0.00155695|5.2826E-4
35500|0.00155657|5.2798E-4
35600|0.00155619|5.2769E-4
35700|0.00155581|5.2741E-4
35800|0.00155544|5.2713E-4
35900|0.00155507|5.2685E-4
36000|0.0015547|5.2656E-4
36100|0.00155434|5.2628E-4
36200|0.00155398|5.26E-4
36300|0.00155362|5.2572E-4
36400|0.00155327|5.2544E-4
36500|0.00155292|5.2516E-4
36600|0.00155258|5.2488E-4
36700|0.00155223|5.2461E-4
36800|0.00155189|5.2433E-4
36900|0.00155156|5.2405E-4
37000|0.00155122|5.2377E-4
37100|0.00155089|5.235E-4
37200|0.00155056|5.2322E-4
37300|0.00155024|5.2294E-4
37400|0.00154992|5.2267E-4
37500|0.0015496|5.2239E-4
37600|0.00154928|5.2212E-4
37700|0.00154897|5.2184E-4
37800|0.00154865|5.2157E-4
37900|0.00154835|5.2129E-4
38000|0.00154804|5.2102E-4
38100|0.00154774|5.2075E-4
38200|0.00154744|5.2047E-4
38300|0.00154714|5.202E-4
38400|0.00154684|5.1993E-4
38500|0.00154655|5.1965E-4
38600|0.00154626|5.1938E-4
38700|0.00154597|5.1911E-4
38800|0.00154568|5.1883E-4
38900|0.0015454|5.1856E-4
39000|0.00154512|5.1829E-4
39100|0.00154484|5.1802E-4
39200|0.00154456|5.1775E-4
39300|0.00154428|5.1747E-4
39400|0.00154401|5.172E-4
39500|0.00154374|5.1693E-4
39600|0.00154347|5.1666E-4
39700|0.0015432|5.1639E-4
39800|0.00154293|5.1611E-4
39900|0.00154267|5.1584E-4
40000|0.00154241|5.1557E-4
40100|0.00154215|5.153E-4
40200|0.00154189|5.1503E-4
40300|0.00154163|5.1475E-4
40400|0.00154138|5.1448E-4
40500|0.00154112|5.1421E-4
40600|0.00154087|5.1394E-4
40700|0.00154062|5.1367E-4
40800|0.00154037|5.1339E-4
40900|0.00154012|5.1312E-4
41000|0.00153988|5.1285E-4
41100|0.00153964|5.1257E-4
41200|0.00153939|5.123E-4
41300|0.00153915|5.1203E-4
41400|0.00153891|5.1176E-4
41500|0.00153867|5.1148E-4
41600|0.00153844|5.1121E-4
41700|0.0015382|5.1093E-4
41800|0.00153797|5.1066E-4
41900|0.00153773|5.1039E-4
42000|0.0015375|5.1011E-4
42100|0.00153727|5.0984E-4
42200|0.00153704|5.0956E-4
42300|0.00153682|5.0929E-4
42400|0.00153659|5.0901E-4
42500|0.00153636|5.0873E-4
42600|0.00153614|5.0846E-4
42700|0.00153592|5.0818E-4
42800|0.0015357|5.0791E-4
42900|0.00153548|5.0763E-4
43000|0.00153526|5.0735E-4
43100|0.00153504|5.0707E-4
43200|0.00153482|5.068E-4
43300|0.00153461|5.0652E-4
43400|0.0015344|5.0624E-4
43500|0.00153418|5.0596E-4
43600|0.00153397|5.0568E-4
43700|0.00153376|5.054E-4
43800|0.00153355|5.0512E-4
43900|0.00153335|5.0484E-4
44000|0.00153314|5.0456E-4
44100|0.00153294|5.0428E-4
44200|0.00153273|5.04E-4
44300|0.00153253|5.0372E-4
44400|0.00153233|5.0344E-4
44500|0.00153213|5.0316E-4
44600|0.00153194|5.0288E-4
44700|0.00153174|5.0259E-4
44800|0.00153155|5.0231E-4
44900|0.00153136|5.0203E-4
45000|0.00153116|5.0174E-4
45100|0.00153098|5.0146E-4
45200|0.00153079|5.0118E-4
45300|0.0015306|5.0089E-4
45400|0.00153042|5.0061E-4
45500|0.00153024|5.0032E-4
45600|0.00153005|5.0004E-4
45700|0.00152988|4.9975E-4
45800|0.0015297|4.9947E-4
45900|0.00152952|4.9918E-4
46000|0.00152935|4.989E-4
46100|0.00152918|4.9861E-4
46200|0.00152901|4.9832E-4
46300|0.00152885|4.9804E-4
46400|0.00152868|4.9775E-4
46500|0.00152852|4.9746E-4
46600|0.00152836|4.9718E-4
46700|0.0015282|4.9689E-4
46800|0.00152805|4.966E-4
46900|0.0015279|4.9631E-4
47000|0.00152775|4.9602E-4
47100|0.0015276|4.9574E-4
47200|0.00152746|4.9545E-4
47300|0.00152732|4.9516E-4
47400|0.00152718|4.9487E-4
47500|0.00152704|4.9458E-4
47600|0.00152691|4.9429E-4
47700|0.00152678|4.94E-4
47800|0.00152665|4.9372E-4
47900|0.00152653|4.9343E-4
48000|0.00152641|4.9314E-4
48100|0.00152629|4.9285E-4
48200|0.00152618|4.9256E-4
48300|0.00152606|4.9227E-4
48400|0.00152596|4.9198E-4
48500|0.00152585|4.9169E-4
48600|0.00152575|4.914E-4
48700|0.00152566|4.9111E-4
48800|0.00152556|4.9083E-4
48900|0.00152548|4.9054E-4
49000|0.00152539|4.9025E-4
49100|0.00152531|4.8996E-4
49200|0.00152523|4.8967E-4
49300|0.00152516|4.8938E-4
49400|0.00152509|4.891E-4
49500|0.00152502|4.8881E-4
49600|0.00152496|4.8852E-4
49700|0.0015249|4.8823E-4
49800|0.00152485|4.8794E-4
49900|0.0015248|4.8766E-4
