0|0.01926303|0.03156815
100|0.00285628|0.00380096
200|0.00264041|0.00250706
300|0.00237299|0.00154043
400|0.002271|0.00130555
500|0.00213037|0.00116112
600|0.00203827|0.0010662
700|0.00197425|0.00100038
800|0.00192337|9.5174E-4
900|0.00187866|9.1528E-4
1000|0.00183788|8.8759E-4
1100|0.0018013|8.661E-4
1200|0.00176973|8.4916E-4
1300|0.00174333|8.3566E-4
1400|0.00172153|8.248E-4
1500|0.00170346|8.1599E-4
1600|0.00168827|8.0875E-4
1700|0.00167529|8.0275E-4
1800|0.00166407|7.9773E-4
1900|0.00165426|7.9347E-4
2000|0.00164563|7.8983E-4
2100|0.00163801|7.8668E-4
2200|0.00163125|7.8395E-4
2300|0.00162524|7.8155E-4
2400|0.00161988|7.7942E-4
2500|0.00161508|7.7753E-4
2600|0.00161078|7.7584E-4
2700|0.00160691|7.7433E-4
2800|0.00160341|7.7295E-4
2900|0.00160024|7.7171E-4
3000|0.00159736|7.7057E-4
3100|0.00159474|7.6953E-4
3200|0.00159233|7.6858E-4
3300|0.00159012|7.6771E-4
3400|0.00158808|7.6691E-4
3500|0.0015862|7.6616E-4
3600|0.00158445|7.6547E-4
3700|0.00158282|7.6484E-4
3800|0.00158129|7.6424E-4
3900|0.00157986|7.6369E-4
4000|0.00157852|7.6318E-4
4100|0.00157725|7.627E-4
4200|0.00157605|7.6225E-4
4300|0.00157492|7.6183E-4
4400|0.00157384|7.6143E-4
4500|0.00157282|7.6106E-4
4600|0.00157184|7.6071E-4
4700|0.00157091|7.6038E-4
4800|0.00157002|7.6006E-4
4900|0.00156917|7.5977E-4
5000|0.00156835|7.5949E-4
5100|0.00156757|7.5922E-4
5200|0.00156682|7.5897E-4
5300|0.00156609|7.5873E-4
5400|0.00156539|7.585E-4
5500|0.00156472|7.5828E-4
5600|0.00156407|7.5807E-4
5700|0.00156344|7.5787E-4
5800|0.00156283|7.5767E-4
5900|0.00156225|7.5749E-4
6000|0.00156168|7.5731E-4
6100|0.00156113|7.5713E-4
6200|0.0015606|7.5697E-4
6300|0.00156008|7.568E-4
6400|0.00155958|7.5665E-4
6500|0.0015591|7.5649E-4
6600|0.00155863|7.5635E-4
6700|0.00155817|7.562E-4
6800|0.00155773|7.5606E-4
6900|0.0015573|7.5592E-4
7000|0.00155688|7.5579E-4
7100|0.00155648|7.5566E-4
7200|0.00155608|7.5553E-4
7300|0.0015557|7.554E-4
7400|0.00155533|7.5528E-4
7500|0.00155496|7.5515E-4
7600|0.00155461|7.5503E-4
7700|0.00155427|7.5491E-4
7800|0.00155393|7.548E-4
7900|0.00155361|7.5468E-4
8000|0.00155329|7.5457E-4
8100|0.00155299|7.5445E-4
8200|0.00155269|7.5434E-4
8300|0.0015524|7.5423E-4
8400|0.00155211|7.5412E-4
8500|0.00155184|7.5401E-4
8600|0.00155157|7.539E-4
8700|0.00155131|7.5379E-4
8800|0.00155106|7.5368E-4
8900|0.00155081|7.5358E-4
9000|0.00155057|7.5347E-4
9100|0.00155034|7.5336E-4
9200|0.00155011|7.5326E-4
9300|0.00154989|7.5315E-4
9400|0.00154968|7.5305E-4
9500|0.00154947|7.5294E-4
9600|0.00154927|7.5284E-4
9700|0.00154907|7.5273E-4
9800|0.00154888|7.5263E-4
9900|0.00154869|7.5253E-4
10000|0.00154852|7.5242E-4
10100|0.00154834|7.5232E-4
10200|0.00154817|7.5221E-4
10300|0.00154801|7.5211E-4
10400|0.00154785|7.5201E-4
10500|0.0015477|7.519E-4
10600|0.00154755|7.518E-4
10700|0.00154741|7.517E-4
10800|0.00154727|7.516E-4
10900|0.00154713|7.5149E-4
11000|0.00154701|7.5139E-4
11100|0.00154688|7.5129E-4
11200|0.00154676|7.5118E-4
11300|0.00154665|7.5108E-4
11400|0.00154654|7.5098E-4
11500|0.00154643|7.5088E-4
11600|0.00154633|7.5077E-4
11700|0.00154624|7.5067E-4
11800|0.00154615|7.5057E-4
11900|0.00154606|7.5047E-4
12000|0.00154598|7.5036E-4
12100|0.0015459|7.5026E-4
12200|0.00154582|7.5016E-4
12300|0.00154575|7.5006E-4
12400|0.00154569|7.4995E-4
12500|0.00154563|7.4985E-4
12600|0.00154557|7.4975E-4
12700|0.00154552|7.4965E-4
12800|0.00154547|7.4955E-4
12900|0.00154543|7.4945E-4
13000|0.00154539|7.4935E-4
13100|0.00154535|7.4924E-4
13200|0.00154532|7.4914E-4
13300|0.00154529|7.4904E-4
13400|0.00154527|7.4894E-4
13500|0.00154525|7.4884E-4
13600|0.00154524|7.4874E-4
13700|0.00154523|7.4864E-4
13800|0.00154522|7.4854E-4
13900|0.00154522|7.4844E-4
14000|0.00154522|7.4834E-4
14100|0.00154522|7.4824E-4
14200|0.00154523|7.4815E-4
14300|0.00154524|7.4805E-4
14400|0.00154526|7.4795E-4
14500|0.00154528|7.4785E-4
14600|0.0015453|7.4775E-4
14700|0.00154533|7.4766E-4
14800|0.00154537|7.4756E-4
14900|0.0015454|7.4746E-4
15000|0.00154544|7.4737E-4
15100|0.00154548|7.4727E-4
15200|0.00154553|7.4718E-4
15300|0.00154558|7.4708E-4
15400|0.00154564|7.4699E-4
15500|0.00154569|7.4689E-4
15600|0.00154576|7.468E-4
15700|0.00154582|7.467E-4
15800|0.00154589|7.4661E-4
15900|0.00154596|7.4652E-4
16000|0.00154604|7.4643E-4
16100|0.00154612|7.4633E-4
16200|0.0015462|7.4624E-4
16300|0.00154629|7.4615E-4
16400|0.00154638|7.4606E-4
16500|0.00154647|7.4597E-4
16600|0.00154657|7.4588E-4
16700|0.00154666|7.4579E-4
16800|0.00154677|7.457E-4
16900|0.00154687|7.4562E-4
17000|0.00154698|7.4553E-4
17100|0.00154709|7.4544E-4
17200|0.00154721|7.4535E-4
17300|0.00154733|7.4527E-4
17400|0.00154745|7.4518E-4
17500|0.00154757|7.4509E-4
17600|0.0015477|7.4501E-4
17700|0.00154783|7.4492E-4
17800|0.00154796|7.4484E-4
17900|0.0015481|7.4475E-4
18000|0.00154824|7.4467E-4
18100|0.00154838|7.4459E-4
18200|0.00154852|7.445E-4
18300|0.00154867|7.4442E-4
18400|0.00154882|7.4434E-4
18500|0.00154897|7.4425E-4
18600|0.00154912|7.4417E-4
18700|0.00154928|7.4409E-4
18800|0.00154944|7.44E-4
18900|0.0015496|7.4392E-4
19000|0.00154976|7.4384E-4
19100|0.00154993|7.4375E-4
19200|0.00155009|7.4367E-4
19300|0.00155026|7.4359E-4
19400|0.00155044|7.435E-4
19500|0.00155061|7.4342E-4
19600|0.00155079|7.4334E-4
19700|0.00155097|7.4325E-4
19800|0.00155115|7.4317E-4
19900|0.00155133|7.4308E-4
20000|0.00155152|7.4299E-4
20100|0.00155171|7.4291E-4
20200|0.0015519|7.4282E-4
20300|0.00155209|7.4273E-4
20400|0.00155229|7.4264E-4
20500|0.00155248|7.4255E-4
20600|0.00155269|7.4245E-4
20700|0.00155289|7.4236E-4
20800|0.00155309|7.4227E-4
20900|0.0015533|7.4217E-4
21000|0.00155352|7.4207E-4
21100|0.00155373|7.4197E-4
21200|0.00155395|7.4187E-4
21300|0.00155417|7.4176E-4
21400|0.0015544|7.4166E-4
21500|0.00155463|7.4155E-4
21600|0.00155487|7.4144E-4
21700|0.00155511|7.4133E-4
21800|0.00155535|7.4121E-4
21900|0.0015556|7.411E-4
22000|0.00155585|7.4098E-4
22100|0.00155611|7.4086E-4
22200|0.00155638|7.4074E-4
22300|0.00155665|7.4061E-4
22400|0.00155693|7.4048E-4
22500|0.00155721|7.4036E-4
22600|0.0015575|7.4023E-4
22700|0.0015578|7.4009E-4
22800|0.00155811|7.3996E-4
22900|0.00155842|7.3983E-4
23000|0.00155873|7.3969E-4
23100|0.00155905|7.3956E-4
23200|0.00155938|7.3943E-4
23300|0.00155971|7.3929E-4
23400|0.00156005|7.3916E-4
23500|0.0015604|7.3903E-4
23600|0.00156074|7.389E-4
23700|0.00156109|7.3877E-4
23800|0.00156145|7.3864E-4
23900|0.0015618|7.3852E-4
24000|0.00156216|7.384E-4
24100|0.00156251|7.3829E-4
24200|0.00156287|7.3818E-4
24300|0.00156322|7.3807E-4
24400|0.00156357|7.3797E-4
24500|0.00156391|7.3788E-4
24600|0.00156425|7.3779E-4
24700|0.00156459|7.3771E-4
24800|0.00156492|7.3763E-4
24900|0.00156523|7.3757E-4
25000|0.00156554|7.3751E-4
25100|0.00156584|7.3746E-4
25200|0.00156613|7.3741E-4
25300|0.00156641|7.3738E-4
25400|0.00156667|7.3735E-4
25500|0.00156692|7.3733E-4
25600|0.00156716|7.3732E-4
25700|0.00156738|7.3731E-4
25800|0.00156758|7.3732E-4
25900|0.00156777|7.3733E-4
26000|0.00156794|7.3735E-4
26100|0.00156809|7.3738E-4
26200|0.00156823|7.3741E-4
26300|0.00156834|7.3746E-4
26400|0.00156844|7.375E-4
26500|0.00156852|7.3756E-4
26600|0.00156858|7.3762E-4
26700|0.00156861|7.3768E-4
26800|0.00156863|7.3775E-4
26900|0.00156863|7.3782E-4
27000|0.0015686|7.379E-4
27100|0.00156855|7.3798E-4
27200|0.00156848|7.3806E-4
27300|0.00156839|7.3815E-4
27400|0.00156828|7.3823E-4
27500|0.00156814|7.3832E-4
27600|0.00156798|7.384E-4
27700|0.0015678|7.3849E-4
27800|0.00156759|7.3857E-4
27900|0.00156736|7.3866E-4
28000|0.00156711|7.3874E-4
28100|0.00156684|7.3882E-4
28200|0.00156654|7.3889E-4
28300|0.00156622|7.3897E-4
28400|0.00156588|7.3904E-4
28500|0.00156552|7.391E-4
28600|0.00156513|7.3916E-4
28700|0.00156473|7.3922E-4
28800|0.0015643|7.3927E-4
28900|0.00156386|7.3932E-4
29000|0.00156339|7.3936E-4
29100|0.00156291|7.3939E-4
29200|0.00156241|7.3942E-4
29300|0.00156188|7.3945E-4
29400|0.00156135|7.3947E-4
29500|0.00156079|7.3948E-4
29600|0.00156022|7.3949E-4
29700|0.00155963|7.3949E-4
29800|0.00155903|7.3948E-4
29900|0.00155842|7.3947E-4
30000|0.00155779|7.3946E-4
30100|0.00155714|7.3944E-4
30200|0.00155649|7.3941E-4
30300|0.00155582|7.3938E-4
30400|0.00155514|7.3934E-4
30500|0.00155446|7.3929E-4
30600|0.00155376|7.3925E-4
30700|0.00155305|7.3919E-4
30800|0.00155233|7.3913E-4
30900|0.0015516|7.3907E-4
31000|0.00155087|7.39E-4
31100|0.00155013|7.3893E-4
31200|0.00154938|7.3885E-4
31300|0.00154862|7.3877E-4
31400|0.00154785|7.3868E-4
31500|0.00154708|7.3859E-4
31600|0.00154631|7.3849E-4
31700|0.00154553|7.3839E-4
31800|0.00154474|7.3829E-4
31900|0.00154395|7.3818E-4
32000|0.00154315|7.3807E-4
32100|0.00154235|7.3796E-4
32200|0.00154154|7.3784E-4
32300|0.00154073|7.3772E-4
32400|0.00153992|7.3759E-4
32500|0.0015391|7.3746E-4
32600|0.00153828|7.3733E-4
32700|0.00153745|7.372E-4
32800|0.00153662|7.3706E-4
32900|0.00153579|7.3692E-4
33000|0.00153495|7.3678E-4
33100|0.00153411|7.3663E-4
33200|0.00153327|7.3648E-4
33300|0.00153242|7.3633E-4
33400|0.00153157|7.3618E-4
33500|0.00153071|7.3602E-4
33600|0.00152986|7.3587E-4
33700|0.001529|7.3571E-4
33800|0.00152813|7.3554E-4
33900|0.00152727|7.3538E-4
34000|0.00152639|7.3521E-4
34100|0.00152552|7.3504E-4
34200|0.00152464|7.3487E-4
34300|0.00152376|7.347E-4
34400|0.00152288|7.3452E-4
34500|0.00152199|7.3435E-4
34600|0.0015211|7.3417E-4
34700|0.0015202|7.3399E-4
34800|0.00151931|7.3381E-4
34900|0.0015184|7.3363E-4
35000|0.0015175|7.3344E-4
35100|0.00151659|7.3326E-4
35200|0.00151567|7.3307E-4
35300|0.00151476|7.3289E-4
35400|0.00151383|7.327E-4
35500|0.00151291|7.3251E-4
35600|0.00151198|7.3232E-4
35700|0.00151105|7.3213E-4
35800|0.00151011|7.3193E-4
35900|0.00150917|7.3174E-4
36000|0.00150822|7.3155E-4
36100|0.00150727|7.3135E-4
36200|0.00150632|7.3116E-4
36300|0.00150536|7.3096E-4
36400|0.00150439|7.3077E-4
36500|0.00150343|7.3057E-4
36600|0.00150245|7.3037E-4
36700|0.00150148|7.3018E-4
36800|0.0015005|7.2998E-4
36900|0.00149951|7.2978E-4
37000|0.00149852|7.2959E-4
37100|0.00149753|7.2939E-4
37200|0.00149653|7.2919E-4
37300|0.00149552|7.29E-4
37400|0.00149451|7.288E-4
37500|0.0014935|7.286E-4
37600|0.00149248|7.2841E-4
37700|0.00149145|7.2821E-4
37800|0.00149043|7.2802E-4
37900|0.00148939|7.2783E-4
38000|0.00148836|7.2763E-4
38100|0.00148731|7.2744E-4
38200|0.00148626|7.2725E-4
38300|0.00148521|7.2705E-4
38400|0.00148416|7.2686E-4
38500|0.00148309|7.2667E-4
38600|0.00148203|7.2649E-4
38700|0.00148096|7.263E-4
38800|0.00147988|7.2611E-4
38900|0.0014788|7.2593E-4
39000|0.00147772|7.2574E-4
39100|0.00147663|7.2556E-4
39200|0.00147553|7.2538E-4
39300|0.00147443|7.2519E-4
39400|0.00147333|7.2502E-4
39500|0.00147223|7.2484E-4
39600|0.00147112|7.2466E-4
39700|0.00147|7.2448E-4
39800|0.00146888|7.2431E-4
39900|0.00146776|7.2414E-4
40000|0.00146663|7.2397E-4
40100|0.0014655|7.238E-4
40200|0.00146437|7.2363E-4
40300|0.00146324|7.2346E-4
40400|0.0014621|7.233E-4
40500|0.00146095|7.2314E-4
40600|0.00145981|7.2297E-4
40700|0.00145866|7.2281E-4
40800|0.00145751|7.2266E-4
40900|0.00145635|7.225E-4
41000|0.0014552|7.2235E-4
41100|0.00145404|7.2219E-4
41200|0.00145288|7.2204E-4
41300|0.00145171|7.2189E-4
41400|0.00145055|7.2174E-4
41500|0.00144938|7.216E-4
41600|0.00144821|7.2145E-4
41700|0.00144704|7.2131E-4
41800|0.00144587|7.2117E-4
41900|0.0014447|7.2103E-4
42000|0.00144353|7.2089E-4
42100|0.00144236|7.2076E-4
42200|0.00144119|7.2063E-4
42300|0.00144001|7.2049E-4
42400|0.00143884|7.2036E-4
42500|0.00143767|7.2023E-4
42600|0.0014365|7.201E-4
42700|0.00143533|7.1998E-4
42800|0.00143416|7.1985E-4
42900|0.001433|7.1972E-4
43000|0.00143184|7.196E-4
43100|0.00143068|7.1948E-4
43200|0.00142953|7.1935E-4
43300|0.00142838|7.1923E-4
43400|0.00142724|7.1911E-4
43500|0.00142611|7.1898E-4
43600|0.00142499|7.1885E-4
43700|0.00142387|7.1872E-4
43800|0.00142278|7.1859E-4
43900|0.0014217|7.1846E-4
44000|0.00142063|7.1832E-4
44100|0.00141959|7.1817E-4
44200|0.00141858|7.1801E-4
44300|0.0014176|7.1784E-4
44400|0.00141666|7.1766E-4
44500|0.00141577|7.1746E-4
44600|0.00141493|7.1725E-4
44700|0.00141417|7.17E-4
44800|0.00141349|7.1673E-4
44900|0.00141292|7.1641E-4
45000|0.00141247|7.1605E-4
45100|0.00141218|7.1564E-4
45200|0.00141209|7.1516E-4
45300|0.00141222|7.146E-4
45400|0.00141264|7.1396E-4
45500|0.00141339|7.1323E-4
45600|0.00141453|7.124E-4
45700|0.00141613|7.1147E-4
45800|0.00141824|7.1045E-4
45900|0.00142091|7.0936E-4
46000|0.00142418|7.0822E-4
46100|0.00142809|7.0703E-4
46200|0.00143264|7.0582E-4
46300|0.00143781|7.046E-4
46400|0.00144359|7.0339E-4
46500|0.0014499|7.0219E-4
46600|0.00145665|7.0098E-4
46700|0.00146374|6.9974E-4
46800|0.00147106|6.9845E-4
46900|0.0014785|6.9705E-4
47000|0.00148596|6.9552E-4
47100|0.00149338|6.9383E-4
47200|0.00150072|6.9196E-4
47300|0.00150794|6.899E-4
47400|0.00151505|6.8765E-4
47500|0.00152203|6.8522E-4
47600|0.00152891|6.8262E-4
47700|0.00153567|6.7987E-4
47800|0.00154234|6.7699E-4
47900|0.00154891|6.74E-4
48000|0.00155541|6.7091E-4
48100|0.00156184|6.6774E-4
48200|0.00156822|6.6451E-4
48300|0.00157455|6.6124E-4
48400|0.00158085|6.5795E-4
48500|0.00158713|6.5464E-4
48600|0.00159341|6.5135E-4
48700|0.00159969|6.4808E-4
48800|0.00160598|6.4484E-4
48900|0.00161229|6.4166E-4
49000|0.00161861|6.3855E-4
49100|0.00162496|6.3552E-4
49200|0.00163132|6.3258E-4
49300|0.00163769|6.2974E-4
49400|0.00164405|6.27E-4
49500|0.0016504|6.2438E-4
49600|0.00165672|6.2188E-4
49700|0.00166298|6.195E-4
49800|0.00166919|6.1724E-4
49900|0.00167531|6.151E-4
