0|0.07213679|0.07197648
100|0.00216004|0.00479341
200|0.00244239|0.00361225
300|0.00253026|0.00353295
400|0.00256253|0.00348931
500|0.00257622|0.00344455
600|0.00257926|0.00338901
700|0.00257361|0.00331577
800|0.00255983|0.00321893
900|0.002539|0.00309505
1000|0.00251284|0.00294455
1100|0.00248283|0.00277168
1200|0.00245007|0.00258391
1300|0.00241603|0.00239103
1400|0.00238299|0.0022033
1500|0.00235357|0.00202914
1600|0.0023299|0.00187368
1700|0.00231304|0.00173867
1800|0.00230285|0.00162344
1900|0.00229827|0.00152596
2000|0.00229767|0.00144369
2100|0.00229929|0.00137412
2200|0.00230146|0.00131497
2300|0.00230287|0.0012643
2400|0.0023026|0.00122051
2500|0.00230011|0.00118232
2600|0.00229523|0.00114869
2700|0.00228803|0.00111885
2800|0.00227875|0.00109217
2900|0.00226773|0.0010682
3000|0.00225532|0.00104658
3100|0.00224186|0.00102701
3200|0.00222762|0.00100926
3300|0.00221286|9.9313E-4
3400|0.00219778|9.7846E-4
3500|0.00218253|9.6511E-4
3600|0.00216724|9.5292E-4
3700|0.00215201|9.4179E-4
3800|0.00213693|9.3159E-4
3900|0.00212206|9.2224E-4
4000|0.00210745|9.1362E-4
4100|0.00209315|9.0567E-4
4200|0.00207921|8.983E-4
4300|0.00206564|8.9145E-4
4400|0.00205246|8.8506E-4
4500|0.00203971|8.7907E-4
4600|0.00202739|8.7344E-4
4700|0.0020155|8.6812E-4
4800|0.00200406|8.6309E-4
4900|0.00199307|8.5831E-4
5000|0.00198253|8.5376E-4
5100|0.00197243|8.4941E-4
5200|0.00196276|8.4523E-4
5300|0.00195354|8.4122E-4
5400|0.00194473|8.3737E-4
5500|0.00193634|8.3364E-4
5600|0.00192836|8.3004E-4
5700|0.00192078|8.2656E-4
5800|0.00191358|8.2318E-4
5900|0.00190676|8.1991E-4
6000|0.00190029|8.1672E-4
6100|0.00189418|8.1362E-4
6200|0.00188841|8.1061E-4
6300|0.00188296|8.0767E-4
6400|0.00187783|8.048E-4
6500|0.00187299|8.0201E-4
6600|0.00186845|7.9928E-4
6700|0.00186418|7.9661E-4
6800|0.00186018|7.9401E-4
6900|0.00185642|7.9146E-4
7000|0.00185291|7.8897E-4
7100|0.00184963|7.8653E-4
7200|0.00184656|7.8414E-4
7300|0.0018437|7.8181E-4
7400|0.00184103|7.7951E-4
7500|0.00183854|7.7726E-4
7600|0.00183623|7.7506E-4
7700|0.00183408|7.7289E-4
7800|0.00183208|7.7076E-4
7900|0.00183023|7.6867E-4
8000|0.00182851|7.6661E-4
8100|0.00182691|7.6458E-4
8200|0.00182544|7.6259E-4
8300|0.00182408|7.6062E-4
8400|0.00182282|7.5868E-4
8500|0.00182166|7.5677E-4
8600|0.00182059|7.5488E-4
8700|0.00181961|7.5301E-4
8800|0.00181871|7.5117E-4
8900|0.00181789|7.4935E-4
9000|0.00181714|7.4755E-4
9100|0.00181647|7.4578E-4
9200|0.00181586|7.4402E-4
9300|0.00181531|7.4228E-4
9400|0.00181483|7.4056E-4
9500|0.0018144|7.3885E-4
9600|0.00181403|7.3717E-4
9700|0.00181372|7.355E-4
9800|0.00181346|7.3385E-4
9900|0.00181325|7.3222E-4
10000|0.00181309|7.3061E-4
10100|0.00181298|7.2901E-4
10200|0.00181292|7.2744E-4
10300|0.00181291|7.2588E-4
10400|0.00181294|7.2434E-4
10500|0.00181301|7.2281E-4
10600|0.00181313|7.2131E-4
10700|0.00181329|7.1982E-4
10800|0.00181348|7.1836E-4
10900|0.00181372|7.1691E-4
11000|0.00181399|7.1549E-4
11100|0.0018143|7.1408E-4
11200|0.00181464|7.127E-4
11300|0.00181501|7.1133E-4
11400|0.00181542|7.0999E-4
11500|0.00181585|7.0867E-4
11600|0.00181631|7.0736E-4
11700|0.0018168|7.0608E-4
11800|0.00181731|7.0482E-4
11900|0.00181784|7.0359E-4
12000|0.00181839|7.0237E-4
12100|0.00181896|7.0117E-4
12200|0.00181955|7.0E-4
12300|0.00182015|6.9884E-4
12400|0.00182076|6.9771E-4
12500|0.00182138|6.9659E-4
12600|0.00182202|6.955E-4
12700|0.00182266|6.9443E-4
12800|0.0018233|6.9337E-4
12900|0.00182395|6.9234E-4
13000|0.00182461|6.9132E-4
13100|0.00182526|6.9032E-4
13200|0.00182592|6.8935E-4
13300|0.00182657|6.8839E-4
13400|0.00182722|6.8744E-4
13500|0.00182787|6.8652E-4
13600|0.00182851|6.8561E-4
13700|0.00182915|6.8471E-4
13800|0.00182977|6.8384E-4
13900|0.0018304|6.8298E-4
14000|0.00183101|6.8213E-4
14100|0.00183161|6.813E-4
14200|0.00183221|6.8048E-4
14300|0.00183279|6.7968E-4
14400|0.00183336|6.7889E-4
14500|0.00183392|6.7811E-4
14600|0.00183447|6.7734E-4
14700|0.001835|6.7659E-4
14800|0.00183552|6.7585E-4
14900|0.00183603|6.7512E-4
15000|0.00183653|6.7441E-4
15100|0.00183701|6.737E-4
15200|0.00183748|6.73E-4
15300|0.00183794|6.7232E-4
15400|0.00183838|6.7164E-4
15500|0.0018388|6.7098E-4
15600|0.00183922|6.7032E-4
15700|0.00183962|6.6967E-4
15800|0.00184001|6.6903E-4
15900|0.00184038|6.684E-4
16000|0.00184074|6.6778E-4
16100|0.00184109|6.6716E-4
16200|0.00184142|6.6656E-4
16300|0.00184174|6.6596E-4
16400|0.00184205|6.6537E-4
16500|0.00184235|6.6478E-4
16600|0.00184263|6.6421E-4
16700|0.00184291|6.6363E-4
16800|0.00184317|6.6307E-4
16900|0.00184342|6.6251E-4
17000|0.00184366|6.6196E-4
17100|0.00184388|6.6142E-4
17200|0.0018441|6.6088E-4
17300|0.00184431|6.6035E-4
17400|0.00184451|6.5982E-4
17500|0.0018447|6.593E-4
17600|0.00184488|6.5878E-4
17700|0.00184505|6.5827E-4
17800|0.00184521|6.5776E-4
17900|0.00184536|6.5726E-4
18000|0.00184551|6.5677E-4
18100|0.00184565|6.5628E-4
18200|0.00184578|6.5579E-4
18300|0.0018459|6.5531E-4
18400|0.00184602|6.5483E-4
18500|0.00184613|6.5436E-4
18600|0.00184624|6.539E-4
18700|0.00184634|6.5343E-4
18800|0.00184643|6.5298E-4
18900|0.00184652|6.5252E-4
19000|0.00184661|6.5207E-4
19100|0.00184669|6.5163E-4
19200|0.00184676|6.5119E-4
19300|0.00184684|6.5075E-4
19400|0.0018469|6.5032E-4
19500|0.00184697|6.4989E-4
19600|0.00184703|6.4946E-4
19700|0.00184709|6.4904E-4
19800|0.00184715|6.4862E-4
19900|0.0018472|6.4821E-4
20000|0.00184725|6.478E-4
20100|0.0018473|6.4739E-4
20200|0.00184735|6.4699E-4
20300|0.0018474|6.4659E-4
20400|0.00184745|6.4619E-4
20500|0.00184749|6.458E-4
20600|0.00184754|6.4541E-4
20700|0.00184758|6.4502E-4
20800|0.00184762|6.4464E-4
20900|0.00184767|6.4426E-4
21000|0.00184771|6.4388E-4
21100|0.00184775|6.4351E-4
21200|0.0018478|6.4314E-4
21300|0.00184784|6.4277E-4
21400|0.00184789|6.4241E-4
21500|0.00184793|6.4205E-4
21600|0.00184798|6.4169E-4
21700|0.00184802|6.4133E-4
21800|0.00184807|6.4098E-4
21900|0.00184812|6.4063E-4
22000|0.00184817|6.4029E-4
22100|0.00184823|6.3994E-4
22200|0.00184828|6.396E-4
22300|0.00184834|6.3926E-4
22400|0.00184839|6.3893E-4
22500|0.00184845|6.3859E-4
22600|0.00184851|6.3826E-4
22700|0.00184858|6.3793E-4
22800|0.00184864|6.3761E-4
22900|0.00184871|6.3728E-4
23000|0.00184878|6.3696E-4
23100|0.00184885|6.3664E-4
23200|0.00184893|6.3633E-4
23300|0.00184901|6.3601E-4
23400|0.00184909|6.357E-4
23500|0.00184917|6.3539E-4
23600|0.00184925|6.3509E-4
23700|0.00184934|6.3478E-4
23800|0.00184943|6.3448E-4
23900|0.00184952|6.3418E-4
24000|0.00184962|6.3388E-4
24100|0.00184972|6.3358E-4
24200|0.00184982|6.3329E-4
24300|0.00184992|6.33E-4
24400|0.00185003|6.3271E-4
24500|0.00185014|6.3242E-4
24600|0.00185025|6.3213E-4
24700|0.00185037|6.3185E-4
24800|0.00185048|6.3156E-4
24900|0.0018506|6.3128E-4
25000|0.00185073|6.31E-4
25100|0.00185085|6.3072E-4
25200|0.00185098|6.3045E-4
25300|0.00185112|6.3017E-4
25400|0.00185125|6.299E-4
25500|0.00185139|6.2963E-4
25600|0.00185153|6.2936E-4
25700|0.00185167|6.2909E-4
25800|0.00185182|6.2883E-4
25900|0.00185197|6.2856E-4
26000|0.00185212|6.283E-4
26100|0.00185228|6.2804E-4
26200|0.00185243|6.2778E-4
26300|0.00185259|6.2752E-4
26400|0.00185276|6.2726E-4
26500|0.00185292|6.27E-4
26600|0.00185309|6.2675E-4
26700|0.00185326|6.2649E-4
26800|0.00185344|6.2624E-4
26900|0.00185361|6.2599E-4
27000|0.00185379|6.2574E-4
27100|0.00185397|6.2549E-4
27200|0.00185415|6.2525E-4
27300|0.00185434|6.25E-4
27400|0.00185453|6.2475E-4
27500|0.00185472|6.2451E-4
27600|0.00185491|6.2427E-4
27700|0.00185511|6.2403E-4
27800|0.0018553|6.2379E-4
27900|0.0018555|6.2355E-4
28000|0.0018557|6.2331E-4
28100|0.00185591|6.2307E-4
28200|0.00185611|6.2283E-4
28300|0.00185632|6.226E-4
28400|0.00185653|6.2236E-4
28500|0.00185674|6.2213E-4
28600|0.00185696|6.219E-4
28700|0.00185717|6.2167E-4
28800|0.00185739|6.2144E-4
28900|0.00185761|6.2121E-4
29000|0.00185783|6.2098E-4
29100|0.00185805|6.2075E-4
29200|0.00185828|6.2052E-4
29300|0.0018585|6.2029E-4
29400|0.00185873|6.2007E-4
29500|0.00185896|6.1984E-4
29600|0.00185919|6.1962E-4
29700|0.00185942|6.194E-4
29800|0.00185965|6.1917E-4
29900|0.00185989|6.1895E-4
30000|0.00186012|6.1873E-4
30100|0.00186036|6.1851E-4
30200|0.0018606|6.1829E-4
30300|0.00186083|6.1807E-4
30400|0.00186107|6.1785E-4
30500|0.00186132|6.1763E-4
30600|0.00186156|6.1742E-4
30700|0.0018618|6.172E-4
30800|0.00186204|6.1698E-4
30900|0.00186229|6.1677E-4
31000|0.00186253|6.1655E-4
31100|0.00186278|6.1634E-4
31200|0.00186303|6.1613E-4
31300|0.00186327|6.1591E-4
31400|0.00186352|6.157E-4
31500|0.00186377|6.1549E-4
31600|0.00186402|6.1528E-4
31700|0.00186427|6.1507E-4
31800|0.00186452|6.1486E-4
31900|0.00186477|6.1465E-4
32000|0.00186502|6.1444E-4
32100|0.00186527|6.1423E-4
32200|0.00186552|6.1402E-4
32300|0.00186577|6.1381E-4
32400|0.00186602|6.1361E-4
32500|0.00186627|6.134E-4
32600|0.00186652|6.1319E-4
32700|0.00186678|6.1299E-4
32800|0.00186703|6.1278E-4
32900|0.00186728|6.1258E-4
33000|0.00186753|6.1237E-4
33100|0.00186778|6.1217E-4
33200|0.00186803|6.1197E-4
33300|0.00186828|6.1176E-4
33400|0.00186853|6.1156E-4
33500|0.00186877|6.1136E-4
33600|0.00186902|6.1115E-4
33700|0.00186927|6.1095E-4
33800|0.00186952|6.1075E-4
33900|0.00186976|6.1055E-4
34000|0.00187001|6.1035E-4
34100|0.00187025|6.1015E-4
34200|0.0018705|6.0995E-4
34300|0.00187074|6.0975E-4
34400|0.00187098|6.0955E-4
34500|0.00187122|6.0935E-4
34600|0.00187146|6.0916E-4
34700|0.0018717|6.0896E-4
34800|0.00187194|6.0876E-4
34900|0.00187218|6.0856E-4
35000|0.00187241|6.0837E-4
35100|0.00187265|6.0817E-4
35200|0.00187288|6.0797E-4
35300|0.00187311|6.0778E-4
35400|0.00187334|6.0758E-4
35500|0.00187357|6.0739E-4
35600|0.0018738|6.0719E-4
35700|0.00187402|6.07E-4
35800|0.00187425|6.068E-4
35900|0.00187447|6.0661E-4
36000|0.00187469|6.0642E-4
36100|0.00187491|6.0622E-4
36200|0.00187513|6.0603E-4
36300|0.00187534|6.0584E-4
36400|0.00187556|6.0564E-4
36500|0.00187577|6.0545E-4
36600|0.00187598|6.0526E-4
36700|0.00187619|6.0507E-4
36800|0.00187639|6.0488E-4
36900|0.0018766|6.0469E-4
37000|0.0018768|6.0449E-4
37100|0.001877|6.043E-4
37200|0.00187719|6.0411E-4
37300|0.00187739|6.0392E-4
37400|0.00187758|6.0373E-4
37500|0.00187777|6.0354E-4
37600|0.00187796|6.0336E-4
37700|0.00187815|6.0317E-4
37800|0.00187833|6.0298E-4
37900|0.00187851|6.0279E-4
38000|0.00187869|6.026E-4
38100|0.00187887|6.0241E-4
38200|0.00187904|6.0223E-4
38300|0.00187921|6.0204E-4
38400|0.00187938|6.0185E-4
38500|0.00187955|6.0166E-4
38600|0.00187971|6.0148E-4
38700|0.00187987|6.0129E-4
38800|0.00188003|6.011E-4
38900|0.00188019|6.0092E-4
39000|0.00188034|6.0073E-4
39100|0.00188049|6.0055E-4
39200|0.00188064|6.0036E-4
39300|0.00188078|6.0018E-4
39400|0.00188092|5.9999E-4
39500|0.00188106|5.9981E-4
39600|0.0018812|5.9962E-4
39700|0.00188133|5.9944E-4
39800|0.00188146|5.9925E-4
39900|0.00188158|5.9907E-4
40000|0.00188171|5.9889E-4
40100|0.00188183|5.987E-4
40200|0.00188195|5.9852E-4
40300|0.00188206|5.9834E-4
40400|0.00188217|5.9815E-4
40500|0.00188228|5.9797E-4
40600|0.00188239|5.9779E-4
40700|0.00188249|5.9761E-4
40800|0.00188259|5.9743E-4
40900|0.00188268|5.9724E-4
41000|0.00188277|5.9706E-4
41100|0.00188286|5.9688E-4
41200|0.00188295|5.967E-4
41300|0.00188303|5.9652E-4
41400|0.00188311|5.9634E-4
41500|0.00188319|5.9616E-4
41600|0.00188326|5.9598E-4
41700|0.00188333|5.958E-4
41800|0.0018834|5.9562E-4
41900|0.00188346|5.9544E-4
42000|0.00188352|5.9526E-4
42100|0.00188357|5.9508E-4
42200|0.00188363|5.949E-4
42300|0.00188368|5.9472E-4
42400|0.00188372|5.9454E-4
42500|0.00188377|5.9436E-4
42600|0.00188381|5.9418E-4
42700|0.00188384|5.94E-4
42800|0.00188387|5.9382E-4
42900|0.0018839|5.9365E-4
43000|0.00188393|5.9347E-4
43100|0.00188395|5.9329E-4
43200|0.00188397|5.9311E-4
43300|0.00188399|5.9293E-4
43400|0.001884|5.9276E-4
43500|0.00188401|5.9258E-4
43600|0.00188401|5.924E-4
43700|0.00188401|5.9222E-4
43800|0.00188401|5.9205E-4
43900|0.00188401|5.9187E-4
44000|0.001884|5.9169E-4
44100|0.00188399|5.9152E-4
44200|0.00188397|5.9134E-4
44300|0.00188395|5.9116E-4
44400|0.00188393|5.9099E-4
44500|0.0018839|5.9081E-4
44600|0.00188387|5.9064E-4
44700|0.00188384|5.9046E-4
44800|0.0018838|5.9029E-4
44900|0.00188376|5.9011E-4
45000|0.00188372|5.8994E-4
45100|0.00188367|5.8976E-4
45200|0.00188362|5.8959E-4
45300|0.00188357|5.8941E-4
45400|0.00188351|5.8924E-4
45500|0.00188345|5.8906E-4
45600|0.00188338|5.8889E-4
45700|0.00188332|5.8871E-4
45800|0.00188324|5.8854E-4
45900|0.00188317|5.8836E-4
46000|0.00188309|5.8819E-4
46100|0.00188301|5.8802E-4
46200|0.00188292|5.8784E-4
46300|0.00188283|5.8767E-4
46400|0.00188274|5.875E-4
46500|0.00188265|5.8732E-4
46600|0.00188255|5.8715E-4
46700|0.00188244|5.8698E-4
46800|0.00188234|5.868E-4
46900|0.00188223|5.8663E-4
47000|0.00188211|5.8646E-4
47100|0.001882|5.8628E-4
47200|0.00188188|5.8611E-4
47300|0.00188175|5.8594E-4
47400|0.00188163|5.8577E-4
47500|0.0018815|5.856E-4
47600|0.00188136|5.8542E-4
47700|0.00188122|5.8525E-4
47800|0.00188108|5.8508E-4
47900|0.00188094|5.8491E-4
48000|0.00188079|5.8474E-4
48100|0.00188064|5.8457E-4
48200|0.00188048|5.844E-4
48300|0.00188033|5.8422E-4
48400|0.00188017|5.8405E-4
48500|0.00188|5.8388E-4
48600|0.00187983|5.8371E-4
48700|0.00187966|5.8354E-4
48800|0.00187948|5.8337E-4
48900|0.00187931|5.832E-4
49000|0.00187912|5.8303E-4
49100|0.00187894|5.8286E-4
49200|0.00187875|5.8269E-4
49300|0.00187856|5.8252E-4
49400|0.00187836|5.8235E-4
49500|0.00187816|5.8218E-4
49600|0.00187796|5.8201E-4
49700|0.00187775|5.8185E-4
49800|0.00187755|5.8168E-4
49900|0.00187733|5.8151E-4
50000|0.00187712|5.8134E-4
50100|0.0018769|5.8117E-4
50200|0.00187668|5.81E-4
50300|0.00187645|5.8083E-4
50400|0.00187622|5.8067E-4
50500|0.00187599|5.805E-4
50600|0.00187575|5.8033E-4
50700|0.00187551|5.8016E-4
50800|0.00187527|5.8E-4
50900|0.00187502|5.7983E-4
51000|0.00187477|5.7966E-4
51100|0.00187452|5.795E-4
51200|0.00187427|5.7933E-4
51300|0.00187401|5.7916E-4
51400|0.00187375|5.79E-4
51500|0.00187348|5.7883E-4
51600|0.00187321|5.7866E-4
51700|0.00187294|5.785E-4
51800|0.00187266|5.7833E-4
51900|0.00187238|5.7817E-4
52000|0.0018721|5.78E-4
52100|0.00187182|5.7784E-4
52200|0.00187153|5.7767E-4
52300|0.00187124|5.7751E-4
52400|0.00187094|5.7735E-4
52500|0.00187064|5.7718E-4
52600|0.00187034|5.7702E-4
52700|0.00187004|5.7685E-4
52800|0.00186973|5.7669E-4
52900|0.00186942|5.7653E-4
53000|0.0018691|5.7636E-4
53100|0.00186879|5.762E-4
53200|0.00186847|5.7604E-4
53300|0.00186814|5.7588E-4
53400|0.00186782|5.7571E-4
53500|0.00186749|5.7555E-4
53600|0.00186715|5.7539E-4
53700|0.00186682|5.7523E-4
53800|0.00186648|5.7507E-4
53900|0.00186613|5.7491E-4
54000|0.00186579|5.7475E-4
54100|0.00186544|5.7459E-4
54200|0.00186509|5.7443E-4
54300|0.00186473|5.7427E-4
54400|0.00186438|5.7411E-4
54500|0.00186401|5.7395E-4
54600|0.00186365|5.7379E-4
54700|0.00186328|5.7363E-4
54800|0.00186291|5.7347E-4
54900|0.00186254|5.7331E-4
55000|0.00186216|5.7315E-4
55100|0.00186178|5.7299E-4
55200|0.0018614|5.7284E-4
55300|0.00186102|5.7268E-4
55400|0.00186063|5.7252E-4
55500|0.00186024|5.7236E-4
55600|0.00185984|5.7221E-4
55700|0.00185944|5.7205E-4
55800|0.00185904|5.719E-4
55900|0.00185864|5.7174E-4
56000|0.00185824|5.7158E-4
56100|0.00185783|5.7143E-4
56200|0.00185741|5.7127E-4
56300|0.001857|5.7112E-4
56400|0.00185658|5.7096E-4
56500|0.00185616|5.7081E-4
56600|0.00185574|5.7066E-4
56700|0.00185531|5.705E-4
56800|0.00185488|5.7035E-4
56900|0.00185445|5.702E-4
57000|0.00185402|5.7004E-4
57100|0.00185358|5.6989E-4
57200|0.00185314|5.6974E-4
57300|0.0018527|5.6959E-4
57400|0.00185225|5.6943E-4
57500|0.0018518|5.6928E-4
57600|0.00185135|5.6913E-4
57700|0.0018509|5.6898E-4
57800|0.00185044|5.6883E-4
57900|0.00184998|5.6868E-4
58000|0.00184952|5.6853E-4
58100|0.00184905|5.6838E-4
58200|0.00184859|5.6823E-4
58300|0.00184812|5.6808E-4
58400|0.00184765|5.6793E-4
58500|0.00184717|5.6778E-4
58600|0.00184669|5.6763E-4
58700|0.00184621|5.6748E-4
58800|0.00184573|5.6734E-4
58900|0.00184524|5.6719E-4
59000|0.00184476|5.6704E-4
59100|0.00184427|5.6689E-4
59200|0.00184377|5.6675E-4
59300|0.00184328|5.666E-4
59400|0.00184278|5.6645E-4
59500|0.00184228|5.6631E-4
59600|0.00184178|5.6616E-4
59700|0.00184127|5.6602E-4
59800|0.00184077|5.6587E-4
59900|0.00184026|5.6572E-4
60000|0.00183975|5.6558E-4
60100|0.00183923|5.6544E-4
60200|0.00183872|5.6529E-4
60300|0.0018382|5.6515E-4
60400|0.00183768|5.65E-4
60500|0.00183715|5.6486E-4
60600|0.00183663|5.6472E-4
60700|0.0018361|5.6457E-4
60800|0.00183557|5.6443E-4
60900|0.00183504|5.6429E-4
61000|0.0018345|5.6414E-4
61100|0.00183397|5.64E-4
61200|0.00183343|5.6386E-4
61300|0.00183289|5.6372E-4
61400|0.00183235|5.6357E-4
61500|0.0018318|5.6343E-4
61600|0.00183125|5.6329E-4
61700|0.00183071|5.6315E-4
61800|0.00183016|5.6301E-4
61900|0.0018296|5.6287E-4
62000|0.00182905|5.6273E-4
62100|0.00182849|5.6259E-4
62200|0.00182793|5.6245E-4
62300|0.00182737|5.6231E-4
62400|0.00182681|5.6217E-4
62500|0.00182625|5.6203E-4
62600|0.00182568|5.6189E-4
62700|0.00182511|5.6175E-4
62800|0.00182454|5.6161E-4
62900|0.00182397|5.6147E-4
63000|0.0018234|5.6133E-4
63100|0.00182282|5.6119E-4
63200|0.00182225|5.6106E-4
63300|0.00182167|5.6092E-4
63400|0.00182109|5.6078E-4
63500|0.00182051|5.6064E-4
63600|0.00181993|5.605E-4
63700|0.00181934|5.6037E-4
63800|0.00181875|5.6023E-4
63900|0.00181817|5.6009E-4
64000|0.00181758|5.5995E-4
64100|0.00181699|5.5982E-4
64200|0.00181639|5.5968E-4
64300|0.0018158|5.5954E-4
64400|0.0018152|5.5941E-4
64500|0.00181461|5.5927E-4
64600|0.00181401|5.5913E-4
64700|0.00181341|5.59E-4
64800|0.00181281|5.5886E-4
64900|0.00181221|5.5873E-4
65000|0.0018116|5.5859E-4
65100|0.001811|5.5845E-4
65200|0.00181039|5.5832E-4
65300|0.00180978|5.5818E-4
65400|0.00180917|5.5805E-4
65500|0.00180856|5.5791E-4
65600|0.00180795|5.5778E-4
65700|0.00180734|5.5764E-4
65800|0.00180672|5.5751E-4
65900|0.00180611|5.5737E-4
66000|0.00180549|5.5724E-4
66100|0.00180487|5.571E-4
66200|0.00180426|5.5697E-4
66300|0.00180364|5.5683E-4
66400|0.00180302|5.567E-4
66500|0.00180239|5.5656E-4
66600|0.00180177|5.5643E-4
66700|0.00180115|5.5629E-4
66800|0.00180052|5.5616E-4
66900|0.0017999|5.5602E-4
67000|0.00179927|5.5589E-4
67100|0.00179864|5.5575E-4
67200|0.00179801|5.5562E-4
67300|0.00179738|5.5549E-4
67400|0.00179675|5.5535E-4
67500|0.00179612|5.5522E-4
67600|0.00179549|5.5508E-4
67700|0.00179485|5.5495E-4
67800|0.00179422|5.5482E-4
67900|0.00179358|5.5468E-4
68000|0.00179295|5.5455E-4
68100|0.00179231|5.5442E-4
68200|0.00179167|5.5428E-4
68300|0.00179104|5.5415E-4
68400|0.0017904|5.5401E-4
68500|0.00178976|5.5388E-4
68600|0.00178912|5.5375E-4
68700|0.00178847|5.5361E-4
68800|0.00178783|5.5348E-4
68900|0.00178719|5.5335E-4
69000|0.00178655|5.5321E-4
69100|0.0017859|5.5308E-4
69200|0.00178526|5.5295E-4
69300|0.00178461|5.5281E-4
69400|0.00178397|5.5268E-4
69500|0.00178332|5.5255E-4
69600|0.00178268|5.5241E-4
69700|0.00178203|5.5228E-4
69800|0.00178138|5.5215E-4
69900|0.00178073|5.5201E-4
