0.413920451|0.38277635|0.807605634|0.357292929|0.849887584|0.366666667|0.291887125|0.292838428|0.2473821
0.105193944|0.426992288|0.895492958|0.247717172|0.159805146|0.328571429|0.241093474|0.227161572|0.107606698
0.122414041|0.569922879|0.866197183|0.564808081|0.240094929|0.176190476|0.132451499|0.113275109|0.102959996
0.159795784|0.372493573|0.694929577|0.175959596|0.302198351|0.341269841|0.287654321|0.313799127|0.164896686
0.223756145|0.36940874|0.888732394|0.457494949|0.395778166|0.544444444|0.258024691|0.307860262|0.261745697
0.11144866|0.268637532|0.812112676|0.43810101|0.203222583|0.265079365|0.256613757|0.191528384|0.115924586
0.248302198|0.531876607|0.823380282|0.621373737|0.356257807|0.252380952|0.15643739|0.147510917|0.130700793
0.112008706|0.325192802|0.9|0.292323232|0.223807145|0.201587302|0.188888889|0.122358079|0.107979822
0.112462326|0.311825193|0.9|0.185333333|0.204621534|0.646031746|0.489417989|0.549606987|0.145451615
0.215200181|0.348843188|0.548450704|0.33369697|0.425555833|0.620634921|0.51340388|0.537379913|0.263560538
0.478725242|0.225449871|0.812112676|0.255474747|0.560054959|0.468253968|0.246737213|0.26|0.809528722
0.135406753|0.320051414|0.787323944|0.433575758|0.249088184|0.201587302|0.221340388|0.137030568|0.112199408
0.131781286|0.78277635|0.830140845|0.266141414|0.279965026|0.277777778|0.2664903|0.234148472|0.106469602
0.106870592|0.222365039|0.895492958|0.173373737|0.14941294|0.607936508|0.282010582|0.299475983|0.123991039
0.10817911|0.614138817|0.886478873|0.173050505|0.150961779|0.303174603|0.286243386|0.227860262|0.110344272
0.275709544|0.341645244|0.751267606|0.240282828|0.555058706|0.519047619|0.368077601|0.382620087|0.279586261
0.107495191|0.240874036|0.9|0.140080808|0.165001249|0.56984127|0.235449735|0.18349345|0.108540713
0.101025878|0.381748072|0.9|0.1|0.117736697|0.379365079|0.297530864|0.337554585|0.104708352
0.122660043|0.490745501|0.787323944|0.211191919|0.191231576|0.506349206|0.297530864|0.254061135|0.141820321
0.125386994|0.366323907|0.886478873|0.241252525|0.247339495|0.595238095|0.245326279|0.319388646|0.166744568
0.147968526|0.426992288|0.875211268|0.350828283|0.284361729|0.633333333|0.186067019|0.304716157|0.170472568
0.114871743|0.360154242|0.742253521|0.33789899|0.21621284|0.595238095|0.452733686|0.546812227|0.157740475
0.133932489|0.367352185|0.868450704|0.220242424|0.273270047|0.404761905|0.286243386|0.211441048|0.134751144
0.107380042|0.333419023|0.897746479|0.194060606|0.169947539|0.722222222|0.421693122|0.543668122|0.133655148
0.119214279|0.373521851|0.9|0.167232323|0.241044217|0.468253968|0.327160494|0.323580786|0.123998292
0.113659183|0.411568123|0.561971831|0.293616162|0.20237322|0.442857143|0.664373898|0.693886463|0.136585327
0.180782668|0.389974293|0.888732394|0.186949495|0.291556333|0.658730159|0.568430335|0.546113537|0.351950213
0.104305897|0.38277635|0.890985915|0.505979798|0.139220585|0.23968254|0.21005291|0.120262009|0.102544162
0.188614585|0.479434447|0.890985915|0.209252525|0.432400699|0.531746032|0.248148148|0.242882096|0.178731626
0.107790044|0.378663239|0.895492958|0.265494949|0.158905821|0.557142857|0.411816578|0.429082969|0.150535509
0.163049632|0.349871465|0.424507042|0.340808081|0.296152885|0.620634921|0.616402116|0.626113537|0.178827123
0.295380931|0.36940874|0.870704225|0.242545455|0.40157382|0.544444444|0.226984127|0.232401747|0.382200535
0.147453842|0.240874036|0.877464789|0.463636364|0.312090932|0.353968254|0.21287478|0.148209607|0.143354313
0.103485892|0.288174807|0.895492958|0.298141414|0.127629278|0.392063492|0.417460317|0.473799127|0.110357165
0.192583756|0.535989717|0.884225352|0.244484848|0.364401699|0.353968254|0.218518519|0.193624454|0.145976243
0.10744634|0.5|0.9|0.166262626|0.177541844|0.43015873|0.51622575|0.486375546|0.13012056
0.112305303|0.402313625|0.886478873|0.241252525|0.231151636|0.404761905|0.324338624|0.333362445|0.131538908
0.119078193|0.219280206|0.85943662|0.237373737|0.201274044|0.722222222|0.571252205|0.547860262|0.151299078
0.112289601|0.876349614|0.742253521|0.21959596|0.217611791|0.252380952|0.228395062|0.191179039|0.100684998
0.138166853|0.397172237|0.890985915|0.20569697|0.213065201|0.455555556|0.331393298|0.334061135|0.165380617
0.111947642|0.327249357|0.818873239|0.281656566|0.196877342|0.722222222|0.681305115|0.711004367|0.181858444
0.117520184|0.490745501|0.9|0.208282828|0.249387959|0.417460317|0.377954145|0.404279476|0.12603072
0.111419001|0.320051414|0.845915493|0.204080808|0.198875843|0.658730159|0.245326279|0.322183406|0.124642189
0.106235525|0.506169666|0.9|0.169171717|0.16739945|0.43015873|0.332804233|0.350829694|0.104653149
0.182748935|0.601799486|0.890985915|0.69830303|0.366849863|0.252380952|0.21287478|0.163930131|0.111832329
0.127620198|0.503084833|0.744507042|0.45620202|0.253734699|0.252380952|0.155026455|0.149606987|0.103871446
0.104865942|0.541131105|0.893239437|0.759393939|0.145365976|0.150793651|0.146560847|0.120262009|0.101432451
0.154040049|0.625449871|0.746760563|0.707030303|0.318735948|0.214285714|0.142328042|0.121659389|0.106336632
0.113086925|0.305655527|0.877464789|0.286505051|0.197576817|0.150793651|0.164902998|0.114323144|0.109510186
0.419562781|0.419794344|0.854929577|0.248686869|0.727229578|0.557142857|0.287654321|0.282358079|0.548278641
0.163517209|0.31285347|0.884225352|0.284888889|0.310592056|0.595238095|0.283421517|0.341746725|0.214211286
0.137432339|0.483547558|0.821126761|0.325939394|0.236847364|0.303174603|0.274955908|0.207248908|0.140119109
0.137345104|0.683033419|0.845915493|0.245131313|0.262278291|0.265079365|0.246737213|0.210742358|0.112157098
0.115897622|0.391002571|0.877464789|0.316888889|0.195828129|0.23968254|0.201587302|0.149956332|0.110822158
0.172921092|0.286118252|0.834647887|0.409333333|0.379540345|0.201587302|0.191710758|0.127248908|0.130041583
0.104522238|0.447557841|0.841408451|0.665010101|0.137821634|0.214285714|0.133862434|0.117467249|0.100702727
0.114348336|0.890745501|0.893239437|0.41030303|0.173944542|0.201587302|0.18042328|0.138427948|0.100710786
0.10389066|0.21311054|0.888732394|0.178545455|0.151011741|0.201587302|0.171957672|0.136681223|0.108758704
0.10877056|0.324164524|0.87971831|0.262262626|0.164901324|0.56984127|0.348324515|0.450393013|0.144443057
0.148188357|0.335475578|0.884225352|0.381535354|0.256932301|0.480952381|0.265079365|0.280611354|0.164462317
0.173643394|0.259383033|0.550704225|0.271636364|0.351161629|0.56984127|0.258024691|0.330218341|0.21557161
0.109368989|0.665552699|0.87971831|0.235757576|0.163602298|0.23968254|0.219929453|0.197816594|0.10635557
0.137973193|0.265552699|0.703943662|0.186626263|0.28596053|0.493650794|0.341269841|0.330567686|0.175353781
0.102643206|0.706683805|0.9|0.141050505|0.124181864|0.277777778|0.283421517|0.217379913|0.100847383
0.130532087|0.538046272|0.83915493|0.50210101|0.22035973|0.303174603|0.267901235|0.198515284|0.121508929
0.176673922|0.27377892|0.142816901|0.215717172|0.324981264|0.874603175|0.643209877|0.699126638|0.204666043
0.105216625|0.226478149|0.9|0.265494949|0.166899825|0.582539683|0.352557319|0.380524017|0.122459061
0.123790602|0.216195373|0.881971831|0.482707071|0.245990507|0.125396825|0.15361552|0.109432314|0.111743682
0.113742929|0.631619537|0.791830986|0.294909091|0.177791656|0.176190476|0.235449735|0.146812227|0.102503062
0.115068893|0.223393316|0.769295775|0.241575758|0.201723707|0.582539683|0.43015873|0.419650655|0.166812665
0.114667615|0.567866324|0.9|0.178222222|0.248838371|0.404761905|0.256613757|0.288646288|0.10996712
0.106136077|0.356041131|0.76028169|0.233171717|0.168398701|0.417460317|0.434391534|0.476593886|0.113417494
0.320785373|0.283033419|0.805352113|0.345979798|0.701748688|0.328571429|0.255202822|0.242532751|0.415751725
0.113708035|0.389974293|0.857183099|0.189212121|0.220609543|0.43015873|0.447089947|0.432227074|0.147887789
0.12462282|0.357069409|0.897746479|0.195676768|0.225256058|0.658730159|0.410405644|0.473449782|0.206976501
0.112671688|0.450642674|0.9|0.307515152|0.160354734|0.303174603|0.334215168|0.214585153|0.124563617
0.141104913|0.409511568|0.866197183|0.293616162|0.307394454|0.633333333|0.380776014|0.401834061|0.186071981
0.223190865|0.612082262|0.807605634|0.620080808|0.341668748|0.188888889|0.142328042|0.117117904|0.113298225
0.116382646|0.78688946|0.87971831|0.824040404|0.18518611|0.112698413|0.145149912|0.124454148|0.102023161
0.127876668|0.698457584|0.841408451|0.367636364|0.220059955|0.214285714|0.162081129|0.138777293|0.104898943
0.102512355|0.275835476|0.895492958|0.284242424|0.124581564|0.43015873|0.43015873|0.493362445|0.109807959
0.142825178|0.388946015|0.881971831|0.409656566|0.384636523|0.150793651|0.145149912|0.10489083|0.109219667
0.156311637|0.339588689|0.884225352|0.196969697|0.256932301|0.56984127|0.29047619|0.306462882|0.253012378
0.101947075|0.142159383|0.9|0.132969697|0.125281039|0.56984127|0.368077601|0.416157205|0.112265489
0.117295119|0.644987147|0.897746479|0.194383838|0.239845116|0.252380952|0.232627866|0.196768559|0.108502031
0.103601042|0.271722365|0.9|0.228323232|0.157556832|0.404761905|0.691181658|0.636943231|0.130030301
0.117179969|0.688174807|0.872957746|0.253535354|0.181638771|0.214285714|0.205820106|0.179650655|0.101677842
0.142704794|0.341645244|0.893239437|0.227676768|0.285860605|0.646031746|0.449911817|0.473449782|0.241157082
0.125510867|0.461953728|0.787323944|0.147515152|0.272420684|0.468253968|0.418871252|0.385414847|0.136669541
0.136703058|0.256298201|0.868450704|0.320444444|0.285860605|0.56984127|0.2664903|0.331965066|0.160312842
0.106429185|0.359125964|0.848169014|0.190181818|0.172295778|0.277777778|0.23686067|0.217729258|0.110241522
0.118434402|0.780719794|0.827887324|0.186626263|0.267724207|0.23968254|0.242504409|0.191877729|0.102794791
0.122204678|0.506169666|0.543943662|0.238020202|0.235948039|0.265079365|0.289065256|0.249868996|0.114916027
0.111535895|0.440359897|0.848169014|0.187272727|0.19268049|0.366666667|0.313051146|0.174061135|0.113777319
0.10304623|0.38277635|0.823380282|0.232848485|0.132675493|0.252380952|0.2664903|0.203755459|0.1106497
0.108001151|0.275835476|0.9|0.250626263|0.160704472|0.417460317|0.678483245|0.599213974|0.155542035
0.153113619|0.633676093|0.886478873|0.667272727|0.264176867|0.125396825|0.143738977|0.100349345|0.106318903
0.112134324|0.315938303|0.897746479|0.234141414|0.149462903|0.455555556|0.307407407|0.321484716|0.151187867
0.119606834|0.80848329|0.843661972|0.283919192|0.214614039|0.265079365|0.23686067|0.228209607|0.103627265
0.358566649|0.515424165|0.886478873|0.292323232|0.674169373|0.265079365|0.218518519|0.190829694|0.232143318
0.121253822|0.298457584|0.715211268|0.210868687|0.229003248|0.785714286|0.413227513|0.65510917|0.189617852
0.109820864|0.828020566|0.845915493|0.217656566|0.173494879|0.252380952|0.308818342|0.219126638|0.101394978
0.135014197|0.293316195|0.692676056|0.213131313|0.303547339|0.620634921|0.308818342|0.382270742|0.16506995
0.23686575|0.346786632|0.181126761|0.270020202|0.413664751|0.722222222|0.454144621|0.611790393|0.199765485
0.141425936|0.477377892|0.897746479|0.201818182|0.245440919|0.366666667|0.248148148|0.203056769|0.148727113
0.261104738|0.398200514|0.875211268|0.341131313|0.475868099|0.607936508|0.325749559|0.376681223|0.355434031
0.133588785|0.256298201|0.897746479|0.212808081|0.230502123|0.722222222|0.555731922|0.516768559|0.330987686
0.105712117|0.261439589|0.9|0.161090909|0.150911816|0.734920635|0.361022928|0.440262009|0.130319612
0.236105065|0.344730077|0.83915493|0.248363636|0.58873345|0.531746032|0.296119929|0.277117904|0.357685272
0.121827825|0.746786632|0.652112676|0.293939394|0.262877842|0.226984127|0.232627866|0.196069869|0.102714203
0.133518998|0.203856041|0.798591549|0.332080808|0.228103922|0.696825397|0.21287478|0.287947598|0.184531139
0.173116497|0.407455013|0.852676056|0.162383838|0.368848364|0.43015873|0.390652557|0.380524017|0.216678486
0.127089812|0.592544987|0.83915493|0.344686869|0.225405946|0.265079365|0.303174603|0.226812227|0.122534008
0.290410308|0.361182519|0.832394366|0.301050505|0.563902073|0.582539683|0.273544974|0.312052402|0.321445265
0.215046649|0.250128535|0.850422535|0.20440404|0.444991257|0.417460317|0.249559083|0.231004367|0.24939559
0.124739714|0.495886889|0.773802817|0.74969697|0.19802648|0.214285714|0.142328042|0.123056769|0.106399491
0.133004314|0.254241645|0.861690141|0.230909091|0.25098676|0.607936508|0.644620811|0.58489083|0.275743827
0.143072924|0.329305913|0.895492958|0.345010101|0.318436173|0.607936508|0.338447972|0.328820961|0.213101186
0.10434428|0.589460154|0.845915493|0.206020202|0.130327255|0.379365079|0.342680776|0.3469869|0.101973599
0.111727811|0.442416452|0.895492958|0.195353535|0.214464152|0.201587302|0.176190476|0.128296943|0.108159532
0.156765256|0.414652956|0.897746479|0.194707071|0.254783912|0.506349206|0.341269841|0.361310044|0.198531284
0.101189879|0.336503856|0.9|0.192767677|0.118086435|0.303174603|0.291887125|0.25650655|0.10335246
0.113004924|0.341645244|0.897746479|0.285858586|0.229602798|0.607936508|0.356790123|0.41720524|0.162924699
0.111429469|0.315938303|0.665633803|0.249979798|0.172295778|0.607936508|0.874603175|0.886375546|0.172093192
0.147492225|0.276863753|0.805352113|0.535070707|0.278366225|0.531746032|0.329982363|0.34209607|0.210591677
0.114770551|0.859897172|0.9|0.202464646|0.195228579|0.252380952|0.318694885|0.227161572|0.100928373
0.119378279|0.332390746|0.897746479|0.209575758|0.198526105|0.455555556|0.287654321|0.304716157|0.132348011
0.174733826|0.274807198|0.843661972|0.20569697|0.381638771|0.607936508|0.361022928|0.388908297|0.311241216
0.238891336|0.343701799|0.87971831|0.254181818|0.486210342|0.671428571|0.382186949|0.415458515|0.460325737
0.141999939|0.189460154|0.762535211|0.201171717|0.278016488|0.582539683|0.418871252|0.440262009|0.256048933
0.123527154|0.884575835|0.9|0.339191919|0.231751187|0.252380952|0.191710758|0.174759825|0.102367675
0.121068885|0.437275064|0.87971831|0.601333333|0.176942293|0.214285714|0.18324515|0.129694323|0.105970763
0.142258153|0.242930591|0.692676056|0.17789899|0.336472646|0.56984127|0.296119929|0.201659389|0.132854104
0.12143178|0.468123393|0.895492958|0.284565657|0.255583313|0.392063492|0.318694885|0.215982533|0.128556347
0.105787139|0.364267352|0.893239437|0.290383838|0.181139146|0.722222222|0.607936508|0.607598253|0.133635001
0.86714573|0.407455013|0.857183099|0.26840404|0.853285036|0.442857143|0.248148148|0.238689956|0.729116433
0.108039535|0.409511568|0.895492958|0.255151515|0.166100425|0.265079365|0.249559083|0.186637555|0.110144414
0.11328233|0.372493573|0.886478873|0.465252525|0.235298526|0.214285714|0.150793651|0.10419214|0.103552318
0.170318013|0.503084833|0.884225352|0.276808081|0.311591307|0.341269841|0.235449735|0.222969432|0.138922378
0.123989497|0.315938303|0.58|0.247070707|0.227604297|0.874603175|0.641798942|0.818951965|0.242446087
0.106444887|0.505141388|0.884225352|0.157858586|0.1660005|0.43015873|0.339858907|0.367947598|0.105081877
0.111117169|0.229562982|0.843661972|0.188565657|0.180189858|0.607936508|0.640388007|0.597117904|0.172615805
0.102048267|0.257326478|0.857183099|0.138787879|0.138670997|0.442857143|0.648853616|0.626812227|0.117315937
0.267450178|0.423907455|0.893239437|0.225737374|0.511291531|0.404761905|0.235449735|0.229257642|0.300712398
0.124504181|0.412596401|0.850422535|0.336606061|0.229552835|0.226984127|0.21287478|0.18069869|0.113424344
0.119983687|0.395115681|0.516901408|0.249656566|0.205970522|0.620634921|0.535978836|0.595371179|0.137429083
0.129527145|0.202827763|0.848169014|0.281333333|0.251836123|0.557142857|0.358201058|0.430131004|0.232230353
0.12690662|0.338560411|0.886478873|0.339515152|0.264476643|0.176190476|0.114109347|0.10768559|0.109070579
0.147350905|0.336503856|0.9|0.225414141|0.273569823|0.595238095|0.272134039|0.330917031|0.208598333
0.134860665|0.414652956|0.787323944|0.607474747|0.236247814|0.252380952|0.162081129|0.156244541|0.108680936
0.103084613|0.407455013|0.9|0.23220202|0.13912066|0.607936508|0.703880071|0.594672489|0.122915995
0.106104673|0.199742931|0.886478873|0.149777778|0.162003497|0.56984127|0.305996473|0.298427948|0.119726322
0.114861275|0.146272494|0.897746479|0.228646465|0.208918311|0.607936508|0.313051146|0.298777293|0.159340146
0.113606843|0.288174807|0.872957746|0.183070707|0.160804397|0.811111111|0.647442681|0.9|0.248115853
0.103642914|0.340616967|0.9|0.327232323|0.144816388|0.480952381|0.238271605|0.269432314|0.108747018
0.10090375|0.505141388|0.9|0.129414141|0.118985761|0.29047619|0.334215168|0.327772926|0.102490974
0.156337807|0.301542416|0.870704225|0.290707071|0.342468149|0.620634921|0.341269841|0.431528384|0.261410451
0.109642905|0.462982005|0.870704225|0.196323232|0.184236822|0.417460317|0.423104056|0.403930131|0.124177601
0.103232912|0.357069409|0.9|0.167232323|0.131726205|0.455555556|0.291887125|0.322532751|0.115104603
0.126573384|0.304627249|0.494366197|0.153010101|0.205271047|0.734920635|0.37372134|0.42768559|0.143503401
0.102098863|0.243958869|0.854929577|0.168848485|0.122383213|0.493650794|0.614991182|0.505938865|0.11217523
0.127217175|0.505141388|0.884225352|0.341131313|0.329777667|0.633333333|0.201587302|0.233449782|0.125121688
0.120315178|0.223393316|0.890985915|0.158181818|0.203872096|0.56984127|0.325749559|0.234497817|0.138898201
0.183685834|0.385861183|0.870704225|0.343717172|0.389782663|0.150793651|0.135273369|0.108733624|0.123708175
0.113334671|0.489717224|0.83915493|0.129090909|0.170497127|0.455555556|0.385008818|0.373886463|0.112949681
0.139635883|0.441388175|0.834647887|0.540565657|0.289607794|0.214285714|0.150793651|0.126899563|0.106315679
0.139103752|0.506169666|0.877464789|0.247717172|0.348963278|0.341269841|0.238271605|0.225414847|0.117497663
0.123879581|0.30874036|0.156338028|0.204080808|0.219860105|0.798412698|0.551499118|0.676069869|0.131418026
0.194049296|0.362210797|0.875211268|0.175636364|0.413414939|0.620634921|0.307407407|0.292139738|0.280686287
0.126477426|0.47840617|0.870704225|0.484969697|0.211116663|0.252380952|0.171957672|0.153799127|0.111641335
0.103583595|0.301542416|0.404225352|0.129090909|0.141219086|0.734920635|0.396296296|0.49860262|0.115277867
0.156908321|0.874293059|0.785070423|0.258383838|0.341269048|0.252380952|0.235449735|0.196419214|0.107431017
0.258932598|0.33033419|0.857183099|0.310424242|0.600924307|0.341269841|0.334215168|0.296331878|0.321485559
0.194904195|0.46092545|0.841408451|0.212161616|0.354359231|0.544444444|0.480952381|0.42139738|0.377870543
0.12952889|0.838303342|0.852676056|0.310747475|0.249138146|0.265079365|0.241093474|0.205502183|0.10563874
0.130167447|0.403341902|0.877464789|0.24189899|0.294604047|0.607936508|0.383597884|0.409868996|0.174649442
0.153577706|0.524678663|0.881971831|0.42840404|0.292105921|0.328571429|0.231216931|0.184541485|0.132456805
0.124286094|0.350899743|0.884225352|0.270020202|0.189832626|0.722222222|0.526102293|0.474497817|0.283951309
0.103712702|0.374550129|0.85943662|0.164969697|0.155258556|0.392063492|0.379365079|0.433275109|0.106439785
0.1165292|0.431105398|0.888732394|0.212484848|0.226555084|0.468253968|0.238271605|0.239737991|0.111320192
0.177577671|0.275835476|0.893239437|0.385414141|0.461728703|0.595238095|0.353968254|0.374235808|0.276431234
0.162803631|0.710796915|0.789577465|0.334989899|0.44169373|0.23968254|0.219929453|0.164978166|0.108992006
0.112544326|0.332390746|0.751267606|0.436808081|0.182438171|0.480952381|0.279188713|0.235895197|0.111312939
0.12022271|0.240874036|0.48084507|0.247393939|0.206420185|0.874603175|0.464021164|0.674672489|0.168685127
0.128518714|0.261439589|0.730985915|0.275515152|0.22965276|0.43015873|0.282010582|0.208995633|0.154023354
0.138590813|0.323136247|0.886478873|0.313656566|0.294903822|0.150793651|0.149382716|0.110829694|0.113297015
0.179442746|0.529820051|0.881971831|0.23220202|0.349063203|0.353968254|0.219929453|0.195021834|0.140324608
0.107762129|0.322107969|0.589014085|0.304282828|0.182538096|0.506349206|0.631922399|0.65720524|0.116287635
0.101694095|0.321079692|0.9|0.11389899|0.116887334|0.455555556|0.276366843|0.320087336|0.109821256
0.145416043|0.530848329|0.857183099|0.807555556|0.334274294|0.252380952|0.15361552|0.147161572|0.111222681
0.131683583|0.40848329|0.836901408|0.323353535|0.218311267|0.722222222|0.530335097|0.529344978|0.200232899
0.15183476|0.412596401|0.893239437|0.194383838|0.351411441|0.531746032|0.464021164|0.446899563|0.242921564
0.117476567|0.553470437|0.897746479|0.291030303|0.193979515|0.150793651|0.143738977|0.107336245|0.103134872
0.218501136|0.46092545|0.890985915|0.390909091|0.377841619|0.265079365|0.201587302|0.192925764|0.167755142
0.1|0.1|0.9|0.330464646|0.1|0.607936508|0.297530864|0.287947598|0.101325269
0.229135026|0.36940874|0.818873239|0.294262626|0.479465401|0.582539683|0.301763668|0.332663755|0.258124073
0.241970715|0.32622108|0.742253521|0.278747475|0.681114164|0.341269841|0.311640212|0.299825328|0.263934063
0.101137538|0.216195373|0.9|0.135555556|0.115038721|0.252380952|0.276366843|0.203755459|0.10360067
0.132220948|0.350899743|0.809859155|0.42969697|0.237297027|0.493650794|0.29047619|0.243231441|0.128303301
0.117576014|0.468123393|0.868450704|0.189212121|0.253684736|0.417460317|0.496472663|0.446200873|0.15199294
0.285354194|0.581233933|0.872957746|0.455878788|0.62055958|0.265079365|0.245326279|0.205851528|0.19244246
0.140338993|0.337532134|0.895492958|0.215717172|0.240544592|0.506349206|0.365255732|0.299825328|0.210706918
0.101099155|0.31285347|0.9|0.116808081|0.119785161|0.480952381|0.331393298|0.375283843|0.1036732
0.17656924|0.263496144|0.893239437|0.235111111|0.330177367|0.633333333|0.256613757|0.382620087|0.325079782
0.125172397|0.363239075|0.893239437|0.18759596|0.258531102|0.633333333|0.250970018|0.271179039|0.148134791
0.106839187|0.532904884|0.897746479|0.174666667|0.142867849|0.392063492|0.232627866|0.270480349|0.111186416
0.147692865|0.598714653|0.769295775|0.736121212|0.259130652|0.214285714|0.140917108|0.121659389|0.106181903
0.108098854|0.232647815|0.841408451|0.248363636|0.163252561|0.722222222|0.716578483|0.780873362|0.153564406
0.103002613|0.249100257|0.9|0.122949495|0.13992006|0.328571429|0.252380952|0.249868996|0.107299658
0.128888588|0.435218509|0.866197183|0.20569697|0.2770672|0.404761905|0.369488536|0.406375546|0.139527995
0.143289265|0.436246787|0.888732394|0.208606061|0.28241319|0.417460317|0.634744268|0.523755459|0.288883695
0.105380626|0.325192802|0.9|0.151393939|0.142568074|0.722222222|0.418871252|0.518515284|0.118342225
0.116405327|0.616195373|0.809859155|0.417090909|0.222408194|0.252380952|0.163492063|0.163231441|0.104100316
0.112376836|0.282005141|0.893239437|0.17369697|0.180889333|0.480952381|0.296119929|0.310305677|0.135336213
0.39621184|0.332390746|0.807605634|0.30040404|0.689807644|0.56984127|0.255202822|0.302969432|0.403377442
0.151878378|0.475321337|0.881971831|0.622666667|0.3225331|0.595238095|0.256613757|0.294934498|0.14962285
0.15279434|0.36529563|0.881971831|0.454909091|0.323732201|0.519047619|0.256613757|0.3330131|0.190445091
0.1887245|0.228534704|0.701690141|0.204080808|0.363802148|0.582539683|0.356790123|0.362707424|0.309346996
0.129916211|0.420822622|0.87971831|0.336929293|0.240994254|0.353968254|0.195943563|0.169519651|0.118141158
0.141110147|0.317994859|0.552957746|0.295232323|0.24209343|0.633333333|0.681305115|0.686899563|0.184193073
0.112413474|0.359125964|0.881971831|0.284888889|0.180389708|0.214285714|0.140917108|0.111528384|0.10693943
0.1071637|0.530848329|0.694929577|0.14589899|0.148863352|0.353968254|0.294708995|0.306113537|0.107075624
0.160080169|0.304627249|0.886478873|0.208606061|0.334823882|0.392063492|0.228395062|0.221222707|0.204380359
0.108494899|0.350899743|0.9|0.302666667|0.192580565|0.176190476|0.105643739|0.110829694|0.103864999
0.13940035|0.316966581|0.890985915|0.255474747|0.288408693|0.607936508|0.562786596|0.565327511|0.301266037
0.120803692|0.19562982|0.663380282|0.330464646|0.240244816|0.582539683|0.207231041|0.285851528|0.140196473
0.271632202|0.313881748|0.893239437|0.315272727|0.463577317|0.633333333|0.45696649|0.436419214|0.602204887
0.112434411|0.271722365|0.291549296|0.26|0.183837122|0.722222222|0.612169312|0.65510917|0.115133615
0.186142358|0.314910026|0.886478873|0.20569697|0.393779665|0.595238095|0.37372134|0.402183406|0.385623509
0.129891786|0.263496144|0.764788732|0.167878788|0.187584312|0.544444444|0.369488536|0.379126638|0.166742554
0.134225597|0.474293059|0.890985915|0.236080808|0.241443917|0.379365079|0.344091711|0.350829694|0.145047063
0.117047373|0.473264781|0.854929577|0.328525253|0.178341244|0.252380952|0.205820106|0.157991266|0.111974566
0.122858937|0.276863753|0.868450704|0.295232323|0.201623782|0.201587302|0.190299824|0.135982533|0.110986558
0.119507387|0.507197943|0.647605634|0.227676768|0.207269548|0.442857143|0.269312169|0.205152838|0.115288746
0.128729822|0.407455013|0.647605634|0.616525253|0.323932051|0.582539683|0.245326279|0.370393013|0.11967676
0.101107879|0.694344473|0.877464789|0.497575758|0.120034974|0.328571429|0.184656085|0.157292576|0.100940462
0.110079078|0.803341902|0.870704225|0.434222222|0.208318761|0.201587302|0.190299824|0.148908297|0.101270066
0.117581248|0.400257069|0.85943662|0.324969697|0.244241819|0.607936508|0.307407407|0.291441048|0.128676423
0.12853965|0.877377892|0.9|0.27389899|0.325281039|0.252380952|0.201587302|0.173362445|0.101682677
0.259040769|0.512339332|0.854929577|0.23640404|0.560604547|0.531746032|0.452733686|0.382620087|0.422718958
0.107493447|0.327249357|0.314084507|0.196323232|0.170047464|0.722222222|0.712345679|0.793100437|0.126728211
0.125357334|0.30874036|0.697183099|0.261292929|0.217961529|0.620634921|0.599470899|0.612489083|0.186366933
0.10245478|0.501028278|0.9|0.213777778|0.134024482|0.265079365|0.260846561|0.231353712|0.102017117
0.101961032|0.15655527|0.830140845|0.196646465|0.128128903|0.722222222|0.617813051|0.603755459|0.11306613
0.22149677|0.430077121|0.841408451|0.25579798|0.337571821|0.531746032|0.276366843|0.303318777|0.242264361
0.204121396|0.333419023|0.35915493|0.203757576|0.4335998|0.722222222|0.490828924|0.648820961|0.252584859
0.131116558|0.385861183|0.886478873|0.222181818|0.227104671|0.353968254|0.256613757|0.219475983|0.139622687
0.135052581|0.508226221|0.890985915|0.301373737|0.247339495|0.442857143|0.253791887|0.246375546|0.121901393
0.134098235|0.285089974|0.816619718|0.323353535|0.277167125|0.633333333|0.368077601|0.373537118|0.167797047
0.122660043|0.358097686|0.670140845|0.193090909|0.235498376|0.734920635|0.280599647|0.407074236|0.140704984
0.142221515|0.309768638|0.769295775|0.269373737|0.364501624|0.582539683|0.296119929|0.382969432|0.173156953
0.118205847|0.340616967|0.537183099|0.243515152|0.214464152|0.70952381|0.245326279|0.356419214|0.140902424
0.106839187|0.588431877|0.852676056|0.201494949|0.157207095|0.379365079|0.331393298|0.326375546|0.10434208
0.148921127|0.255269923|0.83915493|0.28359596|0.284111916|0.392063492|0.224162257|0.182445415|0.181165387
0.675603118|0.349871465|0.861690141|0.531191919|0.848688484|0.29047619|0.259435626|0.219126638|0.356558249
0.20172768|0.399228792|0.661126761|0.27389899|0.366899825|0.620634921|0.392063492|0.430829694|0.264272532
0.121951698|0.442416452|0.791830986|0.393171717|0.236097927|0.684126984|0.361022928|0.357117904|0.129651538
0.49681245|0.401285347|0.834647887|0.332080808|0.714639021|0.633333333|0.307407407|0.317991266|0.592693089
0.13517122|0.29125964|0.895492958|0.41159596|0.303697227|0.595238095|0.379365079|0.410218341|0.195649861
0.120453009|0.512339332|0.893239437|0.207636364|0.275018736|0.188888889|0.214285714|0.160087336|0.129674102
0.110975849|0.31285347|0.881971831|0.310424242|0.16620035|0.188888889|0.143738977|0.10558952|0.107022436
0.142950795|0.350899743|0.210422535|0.261939394|0.269622783|0.722222222|0.689770723|0.663842795|0.15842185
0.103630701|0.226478149|0.861690141|0.151393939|0.129328004|0.70952381|0.337037037|0.365152838|0.112200616
0.137512594|0.491773779|0.852676056|0.332080808|0.286310267|0.353968254|0.273544974|0.196069869|0.136522067
0.181518928|0.295372751|0.877464789|0.224444444|0.382588059|0.684126984|0.397707231|0.423842795|0.370858971
0.120411136|0.171979434|0.897746479|0.17369697|0.171046715|0.633333333|0.379365079|0.436768559|0.206283452
0.104063385|0.409511568|0.861690141|0.406424242|0.146914814|0.252380952|0.259435626|0.201659389|0.105234592
0.132020308|0.36529563|0.884225352|0.227353535|0.209168124|0.214285714|0.234038801|0.141572052|0.118592451
0.104004065|0.166838046|0.9|0.161090909|0.136122908|0.56984127|0.440035273|0.455982533|0.125164399
0.339034837|0.4218509|0.798591549|0.291353535|0.617611791|0.646031746|0.348324515|0.349781659|0.439275353
0.139714394|0.344730077|0.890985915|0.343393939|0.266924806|0.607936508|0.335626102|0.393100437|0.199011991
0.113373054|0.33033419|0.85943662|0.238343434|0.219510367|0.277777778|0.308818342|0.223668122|0.117516601
0.135096198|0.462982005|0.890985915|0.254828283|0.293804647|0.328571429|0.286243386|0.244279476|0.15480264
0.109970907|0.80848329|0.627323944|0.185979798|0.194479141|0.277777778|0.23968254|0.188034934|0.101495713
0.122307615|0.409511568|0.667887324|0.302020202|0.281164127|0.696825397|0.472486772|0.517467249|0.156408355
0.190244126|0.352956298|0.881971831|0.489171717|0.318735948|0.277777778|0.232627866|0.201659389|0.197016633
0.155423589|0.221336761|0.9|0.20020202|0.31858606|0.607936508|0.298941799|0.356069869|0.342767633
0.14047159|0.53907455|0.868450704|0.746141414|0.259130652|0.214285714|0.198765432|0.128296943|0.108279206
0.110619932|0.441388175|0.897746479|0.179191919|0.196627529|0.493650794|0.352557319|0.314148472|0.118788279
0.122579787|0.449614396|0.897746479|0.187919192|0.222308269|0.480952381|0.476719577|0.465065502|0.163073786
0.109566139|0.468123393|0.884225352|0.395111111|0.168598551|0.150793651|0.104232804|0.10279476|0.102972084
0.383526194|0.603856041|0.778309859|0.714141414|0.571996003|0.226984127|0.200176367|0.160087336|0.162441171
0.10589531|0.263496144|0.884225352|0.337252525|0.167449413|0.252380952|0.267901235|0.214585153|0.110756882
0.125615549|0.366323907|0.9|0.198262626|0.25948039|0.379365079|0.256613757|0.288646288|0.147185062
0.101819712|0.177120823|0.872957746|0.221212121|0.130976767|0.595238095|0.555731922|0.714148472|0.113029463
0.165659689|0.250128535|0.897746479|0.183070707|0.332475643|0.607936508|0.34973545|0.333362445|0.286304075
0.142118578|0.405398458|0.893239437|0.201171717|0.297052211|0.544444444|0.45978836|0.442358079|0.198929792
0.17459774|0.436246787|0.890985915|0.386707071|0.3225331|0.531746032|0.207231041|0.281310044|0.205716911
0.70686972|0.566838046|0.794084507|0.660808081|0.778441169|0.214285714|0.200176367|0.146113537|0.219167446
0.102344864|0.438303342|0.9|0.155272727|0.136272795|0.303174603|0.277777778|0.195021834|0.104095883
0.10781447|0.775578406|0.708450704|0.625575758|0.179340495|0.214285714|0.142328042|0.130393013|0.100520598
0.157888837|0.267609254|0.886478873|0.309777778|0.410916812|0.607936508|0.23968254|0.279912664|0.208508075
0.117710355|0.356041131|0.417746479|0.268727273|0.212615538|0.595238095|0.462610229|0.530393013|0.127665044
0.683443758|0.40848329|0.850422535|0.241252525|0.712940295|0.493650794|0.250970018|0.25930131|0.749996776
0.17786729|0.861953728|0.845915493|0.26|0.350262303|0.265079365|0.219929453|0.195021834|0.110297531
0.114541997|0.31285347|0.881971831|0.316888889|0.185236073|0.493650794|0.321516755|0.26|0.122689543
0.110900827|0.76529563|0.785070423|0.260969697|0.180589558|0.188888889|0.214285714|0.147860262|0.101885758
0.121761527|0.374550129|0.881971831|0.584848485|0.230352236|0.582539683|0.207231041|0.300174672|0.127564712
0.1029904|0.359125964|0.284788732|0.261292929|0.136072945|0.722222222|0.561375661|0.567772926|0.105927245
0.138639665|0.353984576|0.893239437|0.245131313|0.23794654|0.658730159|0.380776014|0.348733624|0.243332957
0.14915666|0.180205656|0.9|0.173373737|0.270622033|0.607936508|0.294708995|0.334759825|0.274922233
0.118423934|0.805398458|0.877464789|0.207959596|0.2114664|0.303174603|0.272134039|0.243580786|0.104013684
0.108992136|0.349871465|0.9|0.170141414|0.164401699|0.56984127|0.339858907|0.348034934|0.118587615
0.106237269|0.270694087|0.888732394|0.243838384|0.15790657|0.823809524|0.662962963|0.871353712|0.148209738
0.156541936|0.435218509|0.863943662|0.335313131|0.294953785|0.328571429|0.224162257|0.188733624|0.136937093
0.133815595|0.476349614|0.890985915|0.240606061|0.221608793|0.493650794|0.217107584|0.208995633|0.117408613
0.108711241|0.313881748|0.827887324|0.272929293|0.155358481|0.531746032|0.65308642|0.623318777|0.132427791
0.157576537|0.267609254|0.708450704|0.25030303|0.244541594|0.849206349|0.385008818|0.567423581|0.375542357
0.123502728|0.352956298|0.735492958|0.262909091|0.204321759|0.379365079|0.238271605|0.246026201|0.122448182
0.282840095|0.218251928|0.875211268|0.250626263|0.43419935|0.455555556|0.232627866|0.258951965|0.454988395
0.238008523|0.487660668|0.893239437|0.256121212|0.601174119|0.519047619|0.23686067|0.225065502|0.190724732
0.101624307|0.246015424|0.9|0.430666667|0.142518111|0.1|0.188888889|0.111528384|0.10201752
0.129753955|0.333419023|0.893239437|0.225090909|0.277366975|0.56984127|0.488007055|0.476593886|0.192396525
0.159342164|0.271722365|0.845915493|0.241575758|0.25058706|0.70952381|0.646031746|0.617729258|0.405310328
0.101715031|0.131876607|0.9|0.225737374|0.119085686|0.633333333|0.493650794|0.570218341|0.11204629
0.11517183|0.309768638|0.841408451|0.343393939|0.209218086|0.56984127|0.187477954|0.255458515|0.123851621
0.29003171|0.389974293|0.863943662|0.288767677|0.538171371|0.56984127|0.447089947|0.441310044|0.405155212
0.187340961|0.431105398|0.857183099|0.244484848|0.374793905|0.265079365|0.279188713|0.189432314|0.194745664
0.130062765|0.300514139|0.782816901|0.288444444|0.330726955|0.557142857|0.205820106|0.228558952|0.14152134
0.109480649|0.302570694|0.9|0.120040404|0.156507619|0.734920635|0.43015873|0.488471616|0.162480659
0.208151631|0.42596401|0.798591549|0.601656566|0.411716213|0.252380952|0.164902998|0.160786026|0.137318675
0.377857694|0.523650386|0.886478873|0.548323232|0.584136897|0.252380952|0.198765432|0.17231441|0.164686755
0.131858052|0.394087404|0.715211268|0.190828283|0.231651262|0.480952381|0.274955908|0.307510917|0.13878296
0.113568459|0.393059126|0.787323944|0.183393939|0.190731951|0.43015873|0.506349206|0.470305677|0.13641206
0.114655402|0.311825193|0.85943662|0.273575758|0.202722958|0.150793651|0.138095238|0.113973799|0.106440994
0.121262545|0.680976864|0.83915493|0.391555556|0.21996003|0.163492063|0.205820106|0.130742358|0.105165689
0.131552731|0.406426735|0.724225352|0.23640404|0.237996503|0.265079365|0.250970018|0.196768559|0.125868738
0.115895877|0.31285347|0.868450704|0.438424242|0.246490132|0.214285714|0.166313933|0.113973799|0.10842789
0.114479188|0.795115681|0.9|0.476242424|0.209467899|0.252380952|0.186067019|0.164978166|0.104393656
0.236450514|0.422879177|0.710704225|0.289737374|0.445940545|0.56984127|0.362433862|0.395545852|0.301550513
0.111579512|0.9|0.9|0.172080808|0.19782663|0.265079365|0.202998236|0.1869869|0.102879408
0.110843253|0.313881748|0.893239437|0.315919192|0.181938546|0.201587302|0.142328042|0.110480349|0.106737154
0.140263972|0.353984576|0.618309859|0.178868687|0.297102173|0.70952381|0.325749559|0.375633188|0.164895074
0.112949094|0.877377892|0.852676056|0.25030303|0.214963777|0.252380952|0.260846561|0.218078603|0.102213752
0.256259732|0.419794344|0.888732394|0.249333333|0.633699725|0.480952381|0.37654321|0.386812227|0.273557475
0.18869833|0.335475578|0.893239437|0.259030303|0.360904322|0.722222222|0.51340388|0.482183406|0.456079573
0.200747164|0.237789203|0.881971831|0.280686869|0.436397702|0.607936508|0.255202822|0.328471616|0.300505287
0.235620041|0.349871465|0.830140845|0.260323232|0.421758681|0.468253968|0.341269841|0.372838428|0.311163029
0.14822674|0.261439589|0.881971831|0.687313131|0.273669748|0.252380952|0.202998236|0.146462882|0.133811894
0.177319457|0.417737789|0.895492958|0.203111111|0.359755184|0.493650794|0.255202822|0.250218341|0.204047128
0.108608304|0.366323907|0.893239437|0.177252525|0.169397952|0.265079365|0.226984127|0.202707424|0.110850768
0.32119712|0.498971722|0.890985915|0.282626263|0.725231077|0.480952381|0.229805996|0.213886463|0.20968345
0.106448377|0.331362468|0.9|0.131353535|0.14881339|0.734920635|0.448500882|0.512925764|0.148531687
0.597371187|0.397172237|0.807605634|0.262262626|0.9|0.620634921|0.26366843|0.295982533|0.480335729
0.10611863|0.503084833|0.85943662|0.108080808|0.149562828|0.303174603|0.363844797|0.307161572|0.104817549
0.145710896|0.491773779|0.884225352|0.222181818|0.24169373|0.404761905|0.222751323|0.222620087|0.158418622
0.123755708|0.440359897|0.893239437|0.356|0.207469398|0.29047619|0.224162257|0.207598253|0.129058813
0.118582701|0.806426735|0.812112676|0.226707071|0.209817637|0.188888889|0.197354497|0.146462882|0.101486848
0.108864773|0.392030848|0.789577465|0.290060606|0.184136897|0.265079365|0.287654321|0.204454148|0.113106827
0.11774176|0.511311054|0.85943662|0.576767677|0.198526105|0.176190476|0.12962963|0.112925764|0.102834279
